25470
12430
16578
4210
11617
32502
15896
24406
25595
19230
32368
26622
20865
1351
9877
10555
18277
15669
25290
19546
12472
31570
18053
12338
28230
162
27629
6380
22640
6507
3861
4245
711
28320
8438
17509
7533
529
3630
27341
4140
16725
13691
32322
11091
23411
18934
22732
2645
17747
7439
31821
1055
6375
3148
5010
17724
15128
3777
30747
28587
29811
7758
18602
23676
26768
30875
23694
23341
6214
29652
8108
2758
23184
25381
9042
10422
30782
18165
28604
29036
22107
17634
25186
28341
23393
9087
9479
20440
31519
17871
2434
10099
5478
25217
22091
11028
4983
29417
20421
20630
28716
5570
2637
25922
5865
24998
20742
31393
17728
25417
11619
17698
23398
17273
23409
18545
18266
20694
14058
28049
30415
26961
27898
24255
31710
32613
32462
17671
20589
14104
24802
17315
25692
22192
17159
19734
25206
1846
19767
11789
22546
8364
23833
27120
11148
32269
4178
17739
3432
5385
10129
6624
20543
19837
3673
20616
21361
21684
5005
7374
27785
26720
7869
22089
31598
21846
28211
3005
5455
9741
10684
11248
29260
15573
22070
24654
2533
21975
30174
30012
2595
11472
24918
27708
5512
17036
9593
5061
29624
32293
29151
16608
8420
9721
25647
1666
26618
27756
15399
1709
29582
3170
17516
14661
390
12667
31763
17587
9608
10253
19691
17467
17957
4322
23184
6174
16578
5302
13873
7023
24650
21359
796
23477
4757
2842
22542
11846
2199
12970
26941
16222
11593
1135
18209
30466
8023
13400
15878
20375
6542
19944
8787
31297
30212
30201
5528
27900
14340
3124
4185
13949
18624
26700
15516
13254
21174
12029
27956
908
26590
31431
15820
21320
24216
21611
10163
25119
4440
14114
5993
21875
27919
7328
20205
15173
31320
19660
8388
22097
19815
27964
20425
4071
2226
3186
8120
11147
24157
9432
25208
6220
15462
21373
3628
31717
3989
16013
10232
21397
18721
26514
3987
18110
4898
25965
30609
1856
24507
16914
5742
23443
16131
30727
23642
11942
10168
19354
14791
16763
7842
31717
17075
23167
26824
1923
15029
3754
13398
271
21962
91
25673
12129
14813
12273
27360
30087
3352
14889
24259
16005
7405
8250
14064
26829
27106
30130
22889
28028
9248
4110
26783
16218
25787
5148
31644
7568
12223
32017
11508
22055
2815
31081
11369
13381
13725
14723
16225
5670
19544
3064
23560
26331
26265
25535
19269
30662
30779
9217
32094
30161
1053
19901
32106
30321
27498
27420
12154
22622
26019
21649
17798
29711
28017
11192
5913
22519
11821
10220
18364
3202
15915
4262
26660
7118
12746
409
32283
22825
21308
21646
7982
9295
2838
19711
2587
9312
17815
24950
27385
13987
24760
16035
13861
3325
28407
24640
17905
14383
23268
23461
9994
6611
14184
14378
16301
31252
18648
28992
15753
15664
4797
32334
30323
29871
30305
31821
10188
18528
11802
21794
16562
29464
12630
191
8937
20266
19818
15352
1672
11941
32538
20773
27747
31568
22759
20093
19260
23142
540
17965
25512
20498
6807
29755
26307
7849
3928
26142
23443
23977
11211
25
28477
1141
29653
31835
7146
25806
4768
16344
21110
20753
27175
8421
4831
27187
3968
31638
8040
20861
16365
12248
13968
14854
6816
25933
32694
5621
11090
12523
5769
23412
4482
30803
24881
7539
20621
12017
7487
29729
5235
18649
20309
28971
30563
32605
405
7091
5132
17262
31946
12303
28834
31160
26713
8006
3762
23675
31974
2635
11175
7978
13765
13559
32280
12230
11559
11464
31703
12793
3841
8027
29882
4082
20155
7339
3623
15619
2974
16647
27489
1532
20474
725
3734
2885
5914
8201
16036
16573
17897
26466
32175
3926
608
22891
23652
29805
5559
23853
13834
15082
17735
1204
8525
10780
20033
7497
8650
18001
28689
1897
26201
32568
12688
4743
8222
26616
19692
22662
15950
21772
28247
21748
6850
31717
12658
13320
25406
28733
2424
5466
19326
6973
43
15972
21508
2126
30591
30908
12708
9151
23047
6159
8651
18203
26147
25565
14227
12104
32743
24822
28041
14432
13770
14008
2105
31567
25619
11269
5502
10545
8963
30727
5259
16488
27587
25251
4791
30592
8204
28862
18701
31172
24728
6194
1680
20893
24140
14223
29518
7341
4642
19858
30763
26031
2008
11366
22378
16397
10074
9372
16892
318
10480
25580
30089
13286
8231
937
12095
8363
18817
774
32605
2264
1756
10507
18814
28340
13987
2644
32166
1953
20918
11920
22030
13300
31770
4533
9647
6294
29792
32004
913
13918
3542
29632
24272
6957
8561
12206
18291
2247
8565
26955
30701
11636
15338
26576
27503
19035
14271
5350
3315
25497
30907
4137
19209
22052
22055
32351
7264
28515
12349
4213
16659
25225
28751
32317
19641
14261
24503
28905
17707
4299
386
6471
25107
24592
23259
28090
14649
27783
22073
19452
25485
16399
11592
31381
26356
23353
1432
17946
28883
19179
11272
13862
11612
31670
6896
5658
18331
26358
14097
19860
24127
30127
28478
17584
31017
13602
10951
20481
19382
14643
12968
24654
20429
18554
374
29196
1447
11819
9733
30879
25697
19878
9434
16721
18243
21469
1108
2574
25550
8810
28569
18405
5256
20588
7233
22847
1158
23845
24261
8157
1982
28756
6566
16019
11273
17491
29533
30406
20219
5617
32518
24999
17507
13837
17355
300
22944
6391
20241
25811
16810
32646
15717
24086
13788
5625
26149
173
22403
9358
5614
27270
7719
11748
969
3973
24219
5905
27924
1275
14022
13699
1074
2280
27184
24215
7666
16625
31564
21755
18880
27935
3464
12228
16526
2653
23573
5966
22144
8368
20854
29655
23386
14644
3019
27099
5546
14298
23002
16429
17588
5347
31970
3034
21794
12827
15136
15805
13416
18390
3870
28130
28409
9644
32702
155
1323
17140
27914
356
8939
23297
23993
20344
9760
4383
6528
30767
8160
22604
7199
23326
15445
6838
11558
29677
15725
23800
10379
26102
29765
22804
17389
9635
25939
19760
23718
23428
853
31249
6803
23859
11517
3416
29603
22504
22873
29566
23584
2267
7940
19857
12224
8029
527
1708
8043
9397
13485
17719
12234
1467
13984
13284
5267
6710
32615
24165
29847
17911
7972
7661
25224
4018
591
20845
5772
18847
17437
23947
13442
10197
15278
12386
11030
24673
12281
17660
30599
12585
24184
25232
23091
26499
16530
4988
18408
17812
15308
4097
9193
