3631  31493  14842  17407  31406  8821  2746  17739  19924  21714  
15185  31835  5863  11034  6902  19836  26935  28401  32346  24803  
29433  24141  30701  23603  9702  32229  22487  10448  19859  9815  
12209  21217  12175  14364  22023  19751  4414  8748  9615  9601  
16248  10096  29734  30267  29665  3820  32142  8218  13318  10920  
15849  6440  1596  24931  30708  23616  6201  9975  25349  17752  
13167  3979  15555  26257  6956  27002  15015  8704  12403  2566  
5942  5178  30616  14525  14075  7073  23453  26023  8518  2161  
19279  5685  18599  16778  3104  13545  24361  27131  24259  12228  
12879  21330  20874  4468  19152  18598  23679  314  19473  32353  
9028  21917  20326  13006  30891  9680  14089  19302  20  1508  
13526  31450  2186  22958  204  15328  32156  27254  31556  11454  
2557  11108  14063  6039  18395  22699  9873  13176  6911  23922  
27263  27170  4265  11399  31193  11925  24873  30658  9096  12385  
28477  29243  8950  30636  24878  2347  17552  13826  12201  16291  
22013  22495  18014  6383  24091  8958  4698  15815  22718  28000  
6693  18491  29223  14619  31643  25180  32326  16615  27531  9131  
10160  16746  4881  22851  4702  2879  26292  9413  28203  10696  
21310  7687  13580  10936  23647  25468  4365  21087  2304  17761  
9743  18612  14696  30637  15171  2852  17169  30390  101  12061  
28232  2723  27321  16729  12679  5525  26054  19947  18066  6292  
21461  23818  30036  6971  6696  28833  12407  25124  13563  20114  
24517  8209  3900  9166  29761  3551  6665  19478  8708  5419  
24557  19086  23513  31169  4058  16134  27800  11721  15334  25608  
19011  15536  18374  24993  32482  30935  17163  240  17182  22526  
11038  3184  9888  10863  20732  26885  25127  6378  24242  13255  
12139  5460  14488  28818  17077  10782  13901  5450  16955  21622  
28534  32239  22333  21808  6198  5476  13536  9331  10603  16126  
12493  29732  20654  19663  18825  27922  25609  3761  13971  4838  
21879  17937  24127  31432  25116  2689  19797  16594  31049  27387  
3176  26677  5934  22518  28408  4653  3932  8747  14407  14246  
770  6692  12795  20908  32484  7305  4217  7315  32026  5930  
16635  25066  18062  21195  32119  29984  28723  3507  16944  20212  
28677  13043  280  29598  1477  14967  12012  4031  29554  32206  
1550  30729  16774  3513  6945  30638  2806  21621  8039  6538  
3303  4296  27866  22543  30256  30158  14347  24564  12947  31617  
958  20893  11707  11273  12867  11593  18933  31177  20627  22014  
1710  27173  30510  22324  4785  8469  23734  22852  17949  6507  
30283  28814  16423  5604  16806  13165  9365  5872  5364  17116  
13558  24897  4216  12773  16802  24854  3551  30669  11892  30276  
10594  22785  1866  29961  16542  29374  24633  26512  819  21892  
32145  23620  28958  23096  32660  19669  25303  7708  3573  27147  
30506  20847  16146  22605  726  17635  14065  10480  24039  25027  
14844  7233  10963  30945  12156  30801  29527  5184  20439  131  
14095  14214  31370  22998  18392  15136  28644  26611  4070  11827  
27272  28406  7588  27462  21664  1532  4430  19376  5345  9841  
18512  9667  12099  25622  25181  437  13694  6613  31824  12626  
17219  5956  15555  13924  575  6907  3696  9181  29137  9622  
9290  26058  28293  29065  9050  7160  13656  7079  3675  29540  
24235  18544  20244  10852  3331  21021  31097  11158  19334  19309  
9345  27532  22581  25389  29894  30004  21994  29834  13534  20745  
8721  20502  6011  13051  18982  2460  32581  6943  23794  22180  
26738  21782  4997  18885  20523  575  3570  30381  13727  6812  
8141  19185  4323  4229  26725  10133  23440  783  12994  1883  
1819  11065  22877  15820  31986  28636  10658  6919  1116  19537  
806  77  10765  30175  11944  12616  1420  27627  10441  28190  
30789  24287  23691  8762  17005  6614  2443  13269  2458  23308  
20991  16454  11550  18184  11373  20751  1063  25222  13617  21923  
24983  16166  7084  28152  31140  18135  10060  20945  1327  20994  
4160  24777  16101  29814  10232  10014  5656  11542  3423  25411  
13147  25668  26840  22564  10975  25868  27642  30775  30865  15633  
4362  13639  8687  12088  22076  255  6574  9494  28841  19001  
16653  19226  13072  772  8951  17274  9292  31607  17627  7134  
409  7481  10572  29135  10375  21451  24664  29150  9402  11676  
16808  7572  23911  459  11356  1053  7822  9914  26787  22963  
31223  1367  1821  6603  15343  5417  23026  8194  28607  3356  
25519  25542  12273  21773  22500  17092  15938  1045  2430  1557  
8038  30614  25317  3624  13950  20231  17364  20845  7258  22655  
24828  6599  11886  14851  344  11439  4502  25487  13647  18984  
9353  5606  25483  11878  7711  2585  18331  573  21314  1497  
15947  26187  24758  26750  31679  1252  13448  31955  1874  22210  
13143  7079  6449  1641  30022  27413  13749  7772  22205  18062  
8836  28162  22754  7083  4456  20821  3546  18356  7402  18256  
3264  16880  29366  790  10593  7850  18350  25570  27582  14088  
29132  32690  831  395  17336  11443  12727  26469  1581  13675  
27163  8830  11020  9128  7938  28741  5693  20012  31964  9527  
6217  5397  3058  27952  30392  30990  30241  17524  7723  31032  
27734  30077  23098  25558  26568  10114  12043  1466  17145  18892  
12471  25715  26218  26552  29789  28468  1313  12682  30466  21123  
9435  17912  5679  23205  28177  2163  30280  4300  32685  4147  
29358  32511  17033  31753  29588  18117  30892  14052  17826  30361  
1091  31008  20299  18957  8801  4754  16367  16572  5494  18772  
5296  14321  31633  22865  3860  29464  19541  24719  31071  16104  
15037  17472  21678  6990  30351  23175  19667  6168  2465  25866  
3572  20582  19663  10299  22498  12497  12472  11110  27450  29784  
22075  28027  11326  1039  12980  6809  6001  9606  15351  3678  
25588  9210  22536  12017  28579  24638  3232  27852  20719  29543  
10849  29514  10874  20538  28627  22004  7284  3927  24614  18059  
28600  21026  18855  8149  22181  26741  14334  20776  24509  9478  
20013  30392  30208  3225  17480  10912  2822  19431  1268  23217  
18143  8266  9890  12030  22954  7981  15497  19748  19192  2102  
15205  1114  25310  3632  28145  11836  2268  17082  13605  20566  
13425  4273  4144  19059  19322  29023  10292  7588  2638  18528  
23491  6159  20891  4696  1565  29053  30207  21078  32295  9377  
28006  27143  2347  4393  30246  18587  15698  12934  5084  7287  
4066  30588  32260  29599  2871  1641  23642  30433  26755  31317  
27892  11202  2373  25789  28700  26922  3211  8223  30191  27343  
31719  16197  27062  12129  19506  9554  30471  3450  11779  4749  
9372  11076  27117  12784  16622  17640  17532  29552  31897  28090  
9710  16139  20079  14373  434  19603  32089  28760  14754  