651, 951, 509, 258, 229, 222, 899, 660, 405, 393, 873, 192, 698, 250, 631, 989, 939, 493, 410, 646, 
436, 967, 997, 241, 138, 741, 865, 269, 247, 447, 803, 226, 692, 288, 506, 488, 154, 687, 908, 731, 
507, 315, 818, 710, 273, 563, 203, 992, 680, 472, 525, 542, 143, 446, 565, 341, 359, 993, 883, 222, 
691, 432, 870, 824, 460, 964, 145, 827, 325, 649, 663, 590, 594, 222, 804, 473, 976, 418, 746, 506, 
199, 398, 650, 329, 171, 430, 751, 736, 413, 586, 338, 601, 178, 956, 771, 626, 769, 498, 646, 109, 
924, 337, 645, 555, 449, 674, 749, 118, 581, 625, 232, 626, 489, 547, 621, 429, 256, 251, 193, 702, 
975, 522, 484, 210, 352, 848, 419, 398, 989, 859, 625, 300, 545, 683, 885, 456, 207, 950, 873, 545, 
102, 364, 880, 355, 928, 282, 533, 748, 506, 643, 880, 987, 945, 692, 873, 410, 529, 499, 374, 410, 
879, 934, 961, 886, 279, 418, 257, 731, 399, 278, 594, 178, 553, 910, 159, 537, 186, 347, 783, 888, 
705, 503, 375, 455, 475, 397, 786, 287, 562, 474, 411, 115, 919, 296, 463, 884, 362, 942, 986, 429, 
102, 739, 158, 733, 461, 643, 849, 828, 922, 575, 963, 875, 806, 665, 860, 505, 642, 895, 335, 954, 
673, 568, 383, 805, 877, 999, 939, 967, 666, 924, 339, 642, 753, 965, 442, 754, 151, 244, 610, 391, 
381, 213, 393, 266, 232, 865, 292, 819, 376, 526, 628, 719, 764, 178, 790, 417, 709, 754, 692, 433, 
903, 431, 202, 703, 581, 270, 985, 277, 324, 728, 449, 600, 165, 462, 860, 273, 947, 437, 882, 584, 
763, 113, 904, 813, 902, 671, 816, 893, 764, 815, 823, 279, 954, 767, 405, 186, 129, 989, 893, 830, 
785, 544, 755, 737, 596, 669, 977, 368, 787, 120, 248, 131, 578, 632, 132, 894, 627, 479, 784, 454, 
841, 258, 196, 621, 741, 137, 856, 712, 333, 939, 631, 401, 808, 275, 395, 496, 421, 170, 759, 983, 
660, 984, 423, 734, 585, 144, 812, 881, 752, 703, 807, 100, 928, 480, 838, 571, 358, 845, 148, 176, 
885, 222, 398, 638, 779, 474, 686, 711, 172, 786, 648, 442, 211, 101, 323, 675, 101, 461, 672, 918, 
495, 978, 336, 666, 505, 656, 906, 201, 636, 130, 385, 116, 398, 726, 688, 180, 350, 392, 688, 992, 
405, 152, 850, 565, 722, 279, 207, 447, 100, 641, 971, 104, 514, 541, 577, 206, 836, 483, 656, 707, 
612, 600, 351, 879, 738, 686, 826, 593, 279, 681, 109, 493, 965, 557, 933, 492, 987, 491, 452, 787, 
644, 635, 733, 873, 936, 927, 476, 575, 714, 340, 972, 112, 428, 864, 377, 521, 363, 126, 600, 103, 
799, 530, 940, 211, 450, 472, 766, 895, 865, 781, 978, 505, 916, 704, 512, 643, 461, 777, 161, 109, 
877, 391, 869, 266, 766, 397, 708, 942, 616, 819, 261, 928, 879, 362, 382, 486, 350, 322, 845, 134, 
957, 424, 552, 786, 124, 898, 790, 332, 861, 662, 777, 783, 495, 421, 360, 212, 877, 976, 436, 849, 
533, 720, 158, 678, 226, 366, 251, 430, 172, 478, 330, 432, 965, 832, 391, 930, 528, 517, 716, 710, 
149, 754, 312, 319, 887, 693, 452, 813, 385, 212, 201, 628, 567, 474, 571, 259, 720, 165, 842, 871, 
716, 769, 112, 435, 271, 482, 723, 441, 977, 444, 965, 647, 103, 498, 470, 279, 862, 560, 818, 335, 
554, 185, 718, 373, 496, 672, 607, 797, 481, 620, 400, 141, 802, 970, 813, 685, 753, 721, 992, 703, 
709, 979, 347, 133, 749, 902, 167, 101, 518, 957, 162, 129, 320, 776, 855, 754, 454, 791, 207, 249, 
866, 922, 149, 416, 339, 273, 446, 848, 901, 698, 717, 604, 586, 611, 464, 121, 110, 240, 398, 199, 
841, 969, 148, 174, 588, 565, 826, 717, 760, 826, 839, 231, 902, 232, 856, 884, 690, 927, 398, 482, 
107, 592, 802, 748, 387, 843, 684, 355, 919, 727, 107, 498, 505, 935, 939, 675, 137, 267, 221, 683, 
122, 557, 670, 251, 356, 212, 706, 405, 175, 792, 143, 640, 669, 388, 265, 510, 284, 428, 840, 107, 
346, 572, 688, 799, 176, 776, 996, 465, 819, 566, 181, 252, 709, 613, 298, 941, 270, 657, 863, 251, 
534, 782, 358, 799, 189, 201, 568, 944, 638, 641, 860, 673, 765, 289, 907, 776, 338, 931, 143, 766, 
154, 479, 694, 865, 171, 178, 780, 661, 788, 833, 438, 669, 463, 863, 546, 329, 277, 483, 920, 113, 
891, 170, 768, 709, 990, 562, 917, 882, 597, 724, 631, 163, 370, 993, 923, 604, 318, 714, 943, 899, 
992, 836, 257, 885, 483, 251, 144, 259, 179, 755, 645, 252, 185, 924, 887, 731, 375, 202, 249, 545, 
383, 696, 145, 532, 468, 692, 517, 130, 445, 240, 605, 831, 504, 199, 153, 161, 196, 113, 484, 981, 
247, 136, 246, 979, 875, 463, 903, 947, 976, 361, 680, 869, 946, 474, 433, 741, 719, 133, 303, 511, 
240, 357, 951, 429, 582, 589, 449, 543, 500, 666, 130, 575, 139, 947, 876, 148, 473, 794, 797, 725, 
923, 156, 870, 502, 660, 167, 638, 986, 498, 536, 123, 359, 807, 983, 560, 257, 528, 574, 639, 513, 
146, 313, 237, 617, 748, 811, 162, 361, 484, 313, 816, 924, 850, 838, 455, 832, 253, 238, 369, 255, 
988, 224, 463, 862, 246, 222, 114, 938, 546, 123, 172, 601, 938, 474, 666, 739, 679, 185, 186, 492, 
962, 433, 602, 298, 531, 560, 822, 259, 107, 364, 598, 460, 342, 353, 823, 383, 406, 461, 183, 990, 
474, 440, 904, 309, 737, 554, 432, 469, 871, 760, 770, 562, 353, 549, 796, 193, 444, 877, 368, 290, 
795, 576, 756, 709, 853, 984, 453, 396, 294, 272, 575, 419, 197, 528, 674, 450, 493, 108, 857, 459, 
632, 392, 218, 264, 192, 209, 701, 547, 372, 778, 141, 511, 910, 854, 412, 333, 318, 508, 515, 652, 
538, 712, 624, 727, 668, 259, 835, 280, 776, 277, 983, 888, 582, 178, 716, 268, 567, 179, 250, 290, 
472, 282, 364, 749, 867, 799, 826, 158, 340, 886, 981, 206, 154, 288, 328, 976, 510, 742, 155, 199, 
581, 716, 154, 362, 242, 978, 430, 387, 690, 840, 207, 748, 902, 849, 478, 339, 370, 326, 490, 903, 
359, 445, 509, 528, 514, 525, 683, 620, 519, 148, 709, 279, 688, 170, 348, 244, 770, 387, 837, 145, 
494, 194, 532, 235, 764, 636, 203, 663, 579, 936, 527, 975, 555, 549, 733, 628, 847, 398, 983, 969, 
431, 954, 926, 140, 102, 398, 199, 157, 836, 633, 664, 374, 465, 892, 216, 196, 961, 303, 438, 439, 
143, 148, 890, 316, 213, 527, 870, 828, 568, 304, 614, 532, 355, 735, 414, 506, 345, 776, 608, 319, 
707, 148, 516, 882, 749, 871, 148, 500, 969, 109, 196, 269, 228, 831, 727, 316, 623, 411, 415, 954, 
713, 750, 164, 905, 934, 635, 656, 381, 635, 833, 974, 104, 695, 198, 745, 452, 777, 550, 411, 705, 
104, 282, 405, 423, 228, 972, 385, 301, 915, 732, 577, 547, 910, 636, 851, 512, 319, 335, 389, 609, 
539, 616, 958, 749, 381, 580, 919, 446, 169, 134, 287, 268, 919, 650, 472, 354, 990, 144, 841, 185, 
220, 190, 512, 456, 239, 939, 385, 374, 800, 179, 225, 846, 549, 654, 684, 647, 615, 696, 517, 299, 
902, 714, 621, 301, 404, 111, 782, 986, 483, 402, 466, 641, 414, 522, 760, 871, 137, 126, 543, 628, 
905, 313, 359, 623, 977, 398, 575, 784, 291, 282, 364, 222, 270, 795, 888, 544, 793, 962, 239, 623, 
461, 886, 634, 969, 637, 527, 832, 757, 630, 746, 168, 249, 800, 120, 165, 946, 524, 845, 417, 409, 
840, 104, 335, 673, 463, 668, 326, 797, 885, 769, 155, 841, 906, 889, 275, 897, 810, 241, 397, 794, 
464, 998, 862, 928, 823, 949, 396, 197, 981, 278, 823, 426, 630, 737, 384, 347, 788, 409, 973, 715, 
956, 664, 893, 596, 184, 386, 789, 377, 284, 405, 794, 598, 942, 667, 758, 489, 984, 851, 823, 770, 
359, 201, 708, 735, 734, 715, 576, 719, 373, 779, 826, 752, 918, 681, 726, 152, 985, 570, 770, 485, 
419, 255, 985, 765, 121, 588, 955, 744, 565, 907, 224, 431, 993, 431, 346, 192, 466, 710, 362, 238, 
171, 521, 848, 683, 156, 623, 577, 713, 988, 820, 540, 761, 615, 630, 904, 499, 579, 482, 147, 700, 
322, 207, 564, 794, 204, 240, 110, 617, 908, 298, 368, 665, 788, 864, 865, 179, 593, 991, 547, 863, 
558, 465, 356, 601, 808, 538, 603, 515, 586, 752, 727, 859, 645, 303, 651, 277, 169, 646, 672, 618, 
319, 252, 767, 566, 322, 855, 434, 570, 557, 992, 852, 494, 817, 784, 569, 729, 775, 756, 948, 835, 
396, 686, 847, 676, 499, 913, 104, 777, 389, 492, 795, 498, 359, 248, 783, 186, 820, 759, 842, 175, 
916, 327, 188, 438, 175, 141, 892, 293, 294, 923, 749, 494, 823, 993, 594, 770, 653, 664, 296, 466, 
551, 731, 280, 419, 728, 829, 616, 381, 590, 255, 938, 809, 374, 838, 762, 174, 499, 121, 641, 300, 
419, 852, 898, 163, 167, 528, 849, 186, 650, 110, 874, 460, 899, 306, 783, 804, 230, 339, 581, 779, 
992, 811, 770, 381, 544, 897, 399, 288, 409, 988, 988, 388, 609, 486, 401, 964, 514, 100, 992, 729, 
734, 675, 336, 483, 229, 842, 331, 132, 578, 691, 906, 720, 711, 612, 482, 624, 504, 847, 803, 910, 
513, 292, 172, 416, 492, 105, 708, 456, 378, 668, 130, 825, 293, 683, 524, 503, 429, 481, 977, 545, 
787, 696, 669, 852, 949, 858, 313, 628, 280, 428, 153, 210, 176, 772, 498, 835, 437, 122, 688, 574, 
421, 645, 904, 599, 316, 963, 127, 528, 508, 419, 205, 641, 409, 403, 124, 267, 768, 936, 436, 814, 
963, 453, 182, 238, 952, 609, 929, 195, 650, 753, 184, 267, 433, 722, 650, 931, 198, 675, 116, 278, 
396, 898, 462, 514, 472, 359, 708, 633, 315, 714, 218, 926, 418, 597, 366, 183, 415, 145, 199, 866, 
977, 913, 957, 324, 757, 147, 767, 798, 606, 746, 108, 617, 747, 885, 161, 846, 741, 181, 536, 794, 
663, 416, 925, 768, 847, 341, 297, 214, 128, 200, 162, 945, 201, 550, 179, 507, 290, 817, 585, 830, 
414, 272, 899, 281, 968, 558, 878, 418, 450, 720, 705, 534, 902, 748, 151, 204, 328, 564, 910, 537, 
411, 313, 478, 224, 546, 317, 538, 825, 118, 647, 997, 656, 134, 118, 168, 949, 288, 249, 849, 567, 
477, 260, 259, 248, 846, 231, 620, 222, 171, 314, 189, 173, 137, 708, 168, 888, 805, 465, 665, 262, 
619, 202, 994, 127, 280, 747, 172, 783, 657, 606, 409, 887, 433, 286, 854, 578, 165, 243, 490, 806, 
998, 572, 900, 350, 900, 126, 148, 311, 344, 314, 209, 910, 720, 565, 230, 589, 310, 628, 583, 477, 
985, 998, 359, 135, 670, 653, 293, 402, 317, 840, 711, 364, 733, 322, 521, 904, 354, 894, 898, 962, 
869, 953, 530, 973, 641, 805, 954, 581, 746, 692, 985, 277, 531, 209, 326, 727, 848, 450, 261, 646, 
449, 100, 899, 596, 370, 315, 741, 851, 102, 789, 130, 869, 855, 902, 567, 127, 790, 673, 150, 299, 
358, 408, 341, 833, 379, 242, 771, 803, 960, 696, 922, 308, 962, 350, 768, 561, 747, 167, 336, 679, 
708, 970, 151, 288, 950, 284, 277, 296, 864, 974, 993, 366, 413, 643, 432, 138, 369, 881, 450, 199, 
508, 784, 919, 229, 846, 503, 860, 649, 166, 935, 653, 588, 389, 786, 665, 231, 742, 623, 592, 376, 
377, 658, 824, 732, 424, 269, 249, 233, 162, 835, 383, 406, 966, 237, 445, 266, 715, 122, 548, 203, 
209, 902, 293, 817, 779, 964, 942, 705, 724, 344, 595, 938, 139, 836, 350, 340, 969, 623, 498, 660, 
872, 723, 785, 278, 577, 347, 872, 641, 100, 552, 935, 794, 659, 692, 835, 788, 676, 952, 712, 144, 
858, 374, 879, 468, 409, 394, 173, 689, 302, 145, 197, 676, 573, 786, 169, 894, 126, 943, 415, 595, 
725, 595, 522, 456, 937, 694, 173, 124, 659, 351, 704, 803, 582, 506, 188, 189, 939, 540, 823, 108, 
646, 105, 446, 681, 756, 515, 415, 326, 767, 349, 475, 840, 534, 799, 973, 511, 137, 364, 977, 164, 
268, 877, 677, 169, 603, 867, 409, 136, 402, 999, 228, 218, 833, 313, 991, 215, 237, 251, 594, 469, 
594, 496, 564, 532, 728, 431, 448, 708, 593, 761, 267, 286, 827, 796, 121, 620, 734, 653, 111, 387, 
888, 582, 218, 529, 231, 545, 626, 862, 884, 689, 979, 417, 238, 912, 473, 503, 893, 343, 638, 159, 
508, 377, 745, 312, 452, 127, 785, 990, 625, 829, 310, 728, 383, 913, 711, 450, 381, 176, 555, 850, 
826, 837, 302, 548, 539, 561, 276, 929, 807, 804, 796, 165, 626, 373, 889, 107, 312, 139, 756, 177, 
302, 527, 501, 456, 822, 373, 496, 678, 125, 883, 668, 779, 342, 592, 662, 444, 705, 545, 690, 758, 
269, 801, 841, 652, 427, 608, 892, 680, 698, 622, 912, 735, 691, 442, 830, 176, 933, 358, 420, 903, 
685, 177, 395, 961, 800, 533, 289, 767, 316, 825, 550, 654, 332, 907, 423, 709, 131, 379, 529, 377, 
290, 412, 962, 414, 762, 910, 614, 570, 696, 247, 732, 510, 748, 938, 921, 519, 524, 125, 204, 482, 
961, 271, 602, 216, 270, 209, 716, 916, 699, 749, 921, 327, 656, 132, 546, 252, 919, 232, 396, 727, 
116, 104, 508, 375, 643, 615, 969, 951, 562, 415, 998, 741, 631, 951, 239, 558, 817, 115, 332, 645, 
926, 583, 768, 798, 157, 722, 135, 818, 872, 643, 954, 183, 283, 146, 187, 534, 168, 919, 648, 396, 
515, 436, 489, 792, 554, 399, 401, 702, 355, 550, 109, 964, 716, 512, 317, 134, 899, 943, 830, 736, 
706, 379, 321, 846, 679, 372, 143, 714, 929, 503, 714, 469, 373, 639, 726, 108, 202, 254, 507, 246, 
730, 322, 281, 261, 673, 768, 998, 891, 188, 566, 227, 694, 674, 877, 941, 736, 971, 935, 105, 173, 
236, 482, 935, 332, 646, 157, 620, 919, 279, 154, 994, 828, 170, 190, 116, 623, 381, 488, 384, 265, 
179, 456, 353, 336, 171, 145, 137, 981, 852, 870, 476, 722, 971, 141, 990, 983, 637, 277, 817, 650, 
265, 771, 573, 202, 525, 534, 208, 192, 821, 371, 630, 728, 516, 688, 101, 634, 193, 618, 914, 253, 
364, 961, 646, 469, 821, 531, 676, 435, 534, 435, 787, 384, 381, 209, 774, 822, 236, 415, 219, 439, 
152, 922, 606, 864, 131, 427, 259, 616, 512, 240, 256, 864, 313, 181, 308, 445, 179, 340, 600, 341, 
714, 220, 466, 367, 646, 181, 171, 193, 100, 312, 770, 891, 834, 976, 693, 197, 681, 216, 443, 106, 
169, 852, 294, 338, 586, 354, 150, 312, 175, 189, 588, 631, 143, 803, 624, 166, 756, 159, 484, 728, 
732, 490, 980, 606, 135, 606, 119, 826, 409, 588, 936, 787, 947, 129, 373, 574, 195, 715, 791, 484, 
679, 665, 538, 378, 475, 441, 487, 513, 943, 686, 483, 909, 440, 464, 802, 662, 359, 751, 395, 433, 
447, 425, 483, 601, 461, 216, 485, 282, 672, 324, 412, 375, 866, 361, 834, 862, 889, 609, 851, 359, 
216, 106, 482, 569, 216, 434, 816, 236, 419, 151, 410, 501, 683, 362, 459, 615, 874, 156, 901, 744, 
341, 890, 193, 887, 816, 332, 874, 743, 713, 931, 606, 354, 981, 700, 710, 848, 545, 917, 798, 693, 
661, 747, 232, 425, 825, 813, 537, 156, 379, 229, 374, 258, 579, 672, 509, 449, 981, 171, 332, 153, 
404, 284, 206, 836, 824, 747, 242, 594, 298, 780, 455, 591, 743, 150, 780, 746, 237, 382, 853, 946, 
245, 848, 636, 390, 984, 578, 565, 985, 550, 337, 432, 204, 400, 764, 735, 775, 196, 992, 235, 331, 
334, 844, 860, 883, 488, 401, 515, 245, 108, 321, 207, 795, 845, 797, 835, 622, 978, 973, 233, 144, 
553, 358, 512, 780, 635, 446, 143, 793, 658, 386, 325, 826, 803, 812, 112, 781, 664, 480, 181, 644, 
177, 236, 726, 277, 958, 955, 726, 308, 905, 369, 176, 664, 924, 795, 186, 577, 860, 462, 972, 144, 
908, 510, 428, 925, 241, 173, 377, 621, 572, 397, 637, 312, 208, 412, 339, 922, 268, 206, 386, 113, 
559, 661, 460, 314, 902, 744, 987, 498, 483, 625, 831, 470, 347, 783, 739, 779, 274, 898, 517, 635, 
987, 666, 284, 358, 153, 759, 302, 887, 631, 635, 498, 945, 129, 665, 710, 154, 632, 536, 758, 261, 
368, 366, 491, 244, 220, 553, 303, 252, 716, 612, 556, 911, 724, 703, 542, 332, 520, 764, 534, 924, 
839, 693, 799, 888, 892, 946, 817, 936, 996, 635, 324, 153, 464, 702, 289, 494, 506, 977, 775, 679, 
869, 322, 984, 533, 569, 587, 207, 931, 370, 436, 520, 209, 629, 600, 201, 602, 875, 255, 967, 403, 
184, 574, 257, 541, 946, 100, 657, 344, 289, 438, 860, 410, 227, 820, 419, 773, 246, 570, 358, 191, 
422, 303, 208, 842, 967, 545, 964, 255, 298, 893, 913, 697, 886, 752, 673, 567, 541, 944, 323, 942, 
294, 561, 974, 735, 434, 883, 809, 467, 749, 301, 720, 728, 848, 839, 541, 687, 535, 848, 595, 259, 
469, 811, 135, 213, 972, 105, 903, 349, 336, 903, 114, 796, 183, 565, 217, 287, 824, 706, 804, 475, 
747, 867, 396, 862, 208, 875, 760, 532, 144, 200, 483, 534, 185, 813, 376, 107, 809, 770, 928, 416, 
332, 865, 751, 806, 158, 743, 832, 275, 391, 966, 742, 816, 549, 953, 940, 792, 154, 820, 569, 121, 
651, 657, 128, 180, 760, 588, 245, 530, 442, 147, 271, 437, 926, 232, 390, 500, 258, 250, 108, 185, 
809, 362, 200, 304, 998, 846, 950, 596, 891, 340, 871, 730, 910, 644, 945, 301, 304, 672, 981, 224, 
817, 143, 374, 526, 167, 363, 146, 530, 527, 746, 521, 610, 916, 939, 445, 509, 610, 435, 738, 757, 
109, 847, 132, 423, 191, 720, 295, 812, 344, 523, 118, 155, 720, 262, 418, 104, 626, 595, 864, 708, 
481, 424, 818, 422, 267, 964, 346, 897, 442, 475, 529, 366, 762, 876, 877, 759, 425, 514, 154, 975, 
796, 248, 722, 453, 410, 877, 606, 103, 563, 954, 823, 537, 745, 880, 233, 701, 571, 618, 299, 458, 
120, 790, 131, 397, 917, 507, 701, 456, 356, 685, 609, 457, 701, 304, 353, 936, 683, 363, 884, 799, 
758, 348, 365, 319, 677, 773, 811, 235, 530, 803, 632, 373, 178, 805, 696, 960, 303, 177, 358, 825, 
328, 797, 597, 233, 717, 938, 473, 585, 907, 829, 910, 708, 583, 904, 292, 740, 543, 367, 711, 756, 
430, 370, 868, 123, 619, 280, 792, 245, 798, 269, 701, 701, 361, 179, 234, 992, 794, 171, 304, 772, 
291, 750, 657, 390, 131, 198, 605, 586, 814, 426, 739, 108, 250, 157, 628, 638, 387, 906, 862, 282, 
340, 420, 714, 781, 112, 131, 448, 763, 903, 353, 231, 230, 745, 902, 548, 649, 212, 827, 867, 663, 
166, 784, 348, 839, 486, 380, 731, 415, 230, 579, 402, 813, 652, 785, 908, 922, 876, 284, 482, 884, 
836, 712, 569, 981, 587, 434, 913, 161, 232, 303, 943, 408, 348, 870, 169, 177, 226, 916, 991, 342, 
900, 927, 786, 552, 250, 568, 828, 302, 353, 402, 925, 936, 409, 627, 135, 610, 140, 590, 400, 749, 
315, 788, 589, 750, 410, 454, 583, 258, 914, 116, 454, 631, 658, 316, 800, 628, 334, 558, 645, 698, 
215, 790, 148, 580, 159, 162, 869, 525, 632, 248, 639, 311, 771, 101, 760, 507, 514, 336, 450, 393, 
379, 288, 760, 122, 999, 839, 945, 941, 328, 631, 465, 143, 706, 615, 200, 946, 809, 802, 346, 598, 
596, 427, 468, 586, 137, 503, 710, 892, 455, 218, 178, 140, 808, 293, 783, 415, 927, 266, 936, 571, 
213, 609, 854, 695, 111, 813, 913, 179, 407, 378, 372, 188, 570, 472, 276, 857, 738, 648, 152, 313, 
401, 307, 618, 361, 241, 903, 757, 266, 514, 792, 934, 438, 688, 103, 309, 507, 849, 489, 763, 963, 
789, 842, 677, 353, 364, 437, 198, 450, 749, 404, 333, 266, 360, 937, 939, 530, 342, 912, 114, 494, 
408, 122, 315, 438, 309, 138, 325, 123, 679, 515, 673, 294, 379, 332, 393, 204, 361, 138, 816, 199, 
906, 322, 995, 179, 345, 448, 221, 197, 795, 499, 920, 509, 526, 756, 699, 711, 888, 629, 491, 883, 
804, 462, 416, 975, 121, 897, 549, 549, 213, 994, 656, 981, 129, 738, 711, 400, 207, 748, 359, 755, 
409, 726, 465, 882, 459, 128, 221, 741, 457, 533, 531, 382, 257, 238, 208, 124, 820, 243, 469, 987, 
681, 426, 162, 153, 799, 709, 153, 273, 333, 810, 994, 405, 878, 437, 106, 772, 867, 513, 898, 952, 
673, 968, 428, 410, 247, 620, 380, 460, 195, 725, 309, 976, 727, 320, 755, 509, 778, 138, 416, 634, 
790, 678, 614, 125, 120, 632, 762, 505, 818, 712, 158, 743, 678, 830, 631, 318, 923, 715, 113, 651, 
694, 352, 852, 602, 957, 899, 739, 754, 124, 350, 401, 578, 539, 159, 154, 936, 206, 992, 218, 791, 
284, 767, 576, 660, 706, 802, 620, 746, 104, 868, 995, 304, 781, 844, 647, 343, 710, 753, 130, 204, 
144, 652, 168, 695, 921, 133, 995, 134, 533, 817, 322, 808, 142, 850, 509, 589, 808, 248, 135, 961, 
114, 122, 801, 705, 580, 511, 342, 733, 966, 406, 655, 751, 738, 137, 772, 732, 213, 345, 501, 659, 
847, 990, 482, 854, 574, 936, 761, 460, 897, 321, 115, 825, 581, 925, 781, 680, 568, 847, 476, 937, 
745, 350, 191, 727, 359, 380, 134, 660, 498, 506, 611, 459, 922, 379, 773, 554, 502, 233, 779, 975, 
867, 688, 329, 624, 810, 622, 168, 735, 344, 960, 990, 712, 136, 310, 698, 344, 549, 409, 974, 349, 
428, 133, 519, 426, 185, 173, 100, 328, 853, 454, 128, 220, 640, 270, 312, 872, 639, 329, 609, 512, 
228, 681, 120, 936, 701, 182, 776, 386, 138, 469, 871, 421, 131, 305, 922, 428, 216, 771, 898, 820, 
923, 374, 820, 449, 690, 838, 558, 339, 446, 761, 262, 104, 564, 855, 166, 586, 942, 893, 408, 817, 
513, 955, 938, 497, 803, 107, 307, 741, 287, 966, 997, 935, 585, 906, 974, 563, 948, 512, 261, 558, 
650, 434, 800, 708, 616, 676, 823, 662, 998, 639, 226, 372, 714, 984, 215, 954, 249, 554, 668, 984, 
922, 193, 159, 535, 777, 597, 299, 238, 299, 633, 677, 586, 571, 533, 942, 530, 737, 763, 819, 424, 
113, 285, 776, 569, 705, 151, 374, 262, 244, 298, 150, 287, 870, 945, 576, 976, 849, 827, 543, 827, 
848, 157, 828, 805, 106, 409, 426, 887, 769, 614, 944, 256, 604, 294, 712, 262, 803, 373, 318, 718, 
400, 660, 409, 720, 334, 629, 938, 976, 520, 613, 338, 856, 960, 727, 196, 760, 953, 650, 126, 107, 
542, 209, 852, 806, 125, 567, 607, 885, 814, 485, 112, 178, 169, 391, 148, 633, 770, 569, 395, 374, 
946, 371, 927, 530, 617, 499, 529, 219, 850, 709, 706, 158, 643, 620, 828, 409, 470, 603, 412, 512, 
368, 703, 651, 690, 643, 748, 152, 948, 426, 278, 363, 338, 424, 484, 971, 297, 361, 154, 605, 442, 
440, 742, 739, 552, 744, 496, 884, 531, 570, 771, 893, 697, 548, 864, 229, 230, 219, 418, 584, 299, 
970, 647, 924, 664, 688, 936, 105, 112, 552, 483, 930, 253, 371, 504, 713, 677, 910, 477, 431, 895, 
465, 138, 759, 166, 826, 956, 667, 230, 527, 594, 990, 628, 659, 757, 452, 267, 412, 984, 250, 341, 
140, 834, 677, 664, 599, 987, 496, 696, 124, 782, 246, 916, 528, 808, 805, 388, 331, 914, 820, 218, 
177, 963, 660, 320, 471, 371, 120, 865, 275, 343, 170, 527, 762, 136, 913, 415, 881, 248, 235, 283, 
625, 515, 832, 604, 641, 886, 301, 580, 710, 662, 738, 313, 112, 853, 598, 704, 308, 470, 131, 224, 
225, 905, 545, 786, 847, 537, 471, 105, 279, 114, 359, 253, 875, 201, 827, 925, 490, 611, 600, 528, 
402, 973, 366, 493, 749, 257, 658, 650, 625, 917, 254, 714, 418, 359, 534, 945, 810, 736, 611, 192, 
767, 378, 144, 765, 626, 679, 925, 577, 866, 356, 470, 797, 533, 970, 848, 465, 910, 403, 970, 503, 
267, 664, 517, 221, 483, 861, 642, 342, 887, 649, 560, 495, 148, 267, 210, 589, 880, 242, 158, 810, 
233, 828, 186, 763, 286, 829, 559, 324, 857, 317, 679, 687, 964, 944, 716, 498, 951, 770, 957, 887, 
438, 345, 340, 157, 606, 245, 392, 699, 866, 933, 684, 605, 659, 536, 345, 210, 630, 511, 836, 596, 
852, 266, 312, 602, 342, 809, 906, 986, 394, 910, 210, 238, 812, 739, 637, 716, 690, 377, 807, 517, 
901, 245, 293, 435, 453, 655, 187, 230, 223, 128, 779, 595, 469, 643, 106, 220, 508, 893, 544, 487, 
988, 110, 482, 425, 843, 772, 599, 698, 422, 491, 418, 605, 588, 689, 270, 462, 257, 898, 295, 359, 
247, 271, 688, 599, 716, 383, 617, 860, 894, 187, 613, 362, 413, 929, 901, 821, 825, 927, 207, 328, 
568, 422, 966, 136, 619, 429, 766, 747, 557, 740, 307, 908, 105, 988, 222, 574, 107, 551, 841, 816, 
588, 692, 395, 967, 157, 864, 139, 879, 337, 244, 805, 587, 259, 466, 543, 491, 811, 278, 926, 306, 
408, 197, 832, 635, 985, 844, 773, 549, 764, 181, 993, 791, 666, 598, 900, 346, 813, 610, 951, 989, 
580, 248, 765, 181, 635, 396, 917, 428, 430, 668, 194, 547, 506, 114, 269, 135, 703, 518, 231, 245, 
309, 441, 834, 629, 225, 781, 372, 775, 644, 300, 769, 520, 812, 243, 190, 579, 673, 443, 739, 712, 
938, 913, 278, 442, 284, 974, 156, 247, 292, 678, 546, 340, 708, 665, 567, 253, 184, 796, 549, 950, 
618, 565, 211, 884, 279, 788, 181, 405, 455, 111, 538, 755, 382, 648, 813, 619, 812, 858, 882, 625, 
643, 142, 535, 675, 328, 160, 349, 693, 751, 719, 233, 363, 643, 737, 335, 669, 947, 959, 502, 879, 
971, 305, 425, 909, 394, 390, 468, 497, 836, 717, 414, 223, 300, 943, 378, 414, 978, 895, 412, 723, 
522, 411, 656, 733, 631, 485, 518, 671, 106, 517, 848, 745, 880, 465, 426, 134, 502, 241, 706, 458, 
535, 736, 601, 411, 163, 567, 514, 949, 868, 477, 940, 592, 449, 784, 816, 202, 703, 876, 948, 130, 
303, 273, 809, 443, 114, 694, 843, 170, 382, 289, 756, 777, 665, 166, 871, 467, 256, 249, 252, 664, 
752, 279, 556, 629, 241, 896, 703, 609, 246, 615, 292, 862, 635, 987, 106, 801, 409, 368, 460, 997, 
839, 569, 310, 849, 351, 927, 400, 612, 423, 314, 795, 702, 485, 707, 905, 832, 856, 697, 242, 745, 
288, 337, 567, 590, 792, 708, 526, 743, 642, 960, 143, 302, 860, 205, 588, 172, 723, 776, 975, 575, 
329, 665, 909, 633, 827, 373, 107, 914, 416, 451, 352, 404, 265, 115, 468, 352, 984, 868, 347, 685, 
591, 349, 870, 355, 889, 970, 409, 592, 219, 832, 901, 694, 929, 827, 924, 452, 946, 884, 529, 995, 
256, 205, 618, 296, 313, 520, 937, 855, 542, 514, 318, 734, 778, 476, 465, 763, 862, 819, 654, 623, 
346, 752, 726, 818, 831, 271, 532, 747, 547, 952, 688, 539, 673, 160, 352, 131, 244, 660, 532, 554, 
254, 646, 178, 160, 294, 220, 634, 109, 699, 397, 703, 267, 284, 895, 213, 139, 303, 626, 995, 365, 
440, 690, 812, 686, 349, 299, 434, 207, 775, 676, 385, 279, 196, 249, 868, 621, 568, 393, 863, 291, 
713, 295, 931, 121, 485, 486, 471, 589, 129, 767, 395, 916, 175, 709, 877, 816, 122, 390, 367, 517, 
293, 511, 518, 732, 633, 790, 724, 239, 166, 876, 717, 707, 667, 358, 911, 842, 874, 516, 924, 948, 
954, 254, 920, 262, 571, 158, 238, 921, 319, 886, 692, 581, 790, 242, 657, 531, 583, 290, 878, 260, 
566, 617, 775, 674, 349, 745, 679, 608, 109, 513, 907, 732, 540, 232, 316, 297, 856, 484, 864, 337, 
720, 958, 776, 676, 130, 812, 647, 130, 524, 152, 225, 522, 342, 331, 630, 613, 103, 704, 735, 196, 
496, 874, 773, 804, 605, 932, 961, 107, 795, 404, 706, 772, 965, 627, 617, 440, 354, 434, 243, 966, 
915, 133, 294, 755, 980, 334, 522, 122, 993, 332, 242, 606, 538, 327, 418, 802, 761, 367, 832, 969, 
154, 769, 125, 946, 678, 432, 877, 434, 232, 355, 586, 179, 112, 304, 173, 752, 204, 911, 971, 274, 
140, 776, 793, 198, 379, 635, 386, 441, 398, 668, 864, 987, 711, 395, 701, 354, 408, 329, 680, 950, 
914, 156, 192, 389, 220, 521, 517, 529, 772, 881, 976, 421, 250, 269, 311, 624, 372, 830, 968, 744, 
405, 520, 862, 658, 113, 603, 654, 170, 890, 795, 884, 335, 319, 652, 556, 656, 501, 261, 975, 531, 
785, 996, 718, 323, 989, 794, 417, 896, 135, 445, 201, 609, 755, 886, 890, 536, 512, 512, 323, 172, 
348, 454, 271, 967, 503, 991, 428, 120, 941, 583, 595, 156, 680, 545, 656, 148, 776, 520, 863, 617, 
562, 779, 204, 114, 543, 755, 412, 338, 997, 111, 657, 754, 794, 249, 993, 577, 131, 494, 593, 293, 
811, 696, 688, 501, 936, 216, 100, 840, 716, 998, 229, 353, 788, 400, 474, 609, 117, 494, 951, 904, 
698, 623, 388, 178, 500, 540, 228, 761, 201, 576, 362, 231, 307, 163, 495, 186, 197, 664, 436, 723, 
707, 497, 626, 195, 813, 545, 459, 288, 585, 255, 732, 801, 717, 337, 327, 389, 587, 776, 686, 270, 
123, 658, 549, 134, 878, 461, 620, 426, 588, 181, 264, 125, 799, 340, 295, 622, 682, 618, 215, 988, 
176, 711, 775, 459, 725, 944, 831, 140, 234, 516, 840, 250, 740, 127, 655, 242, 762, 721, 699, 495, 
799, 424, 102, 885, 367, 531, 107, 580, 441, 154, 813, 658, 168, 885, 763, 161, 234, 136, 572, 389, 
608, 944, 893, 307, 936, 672, 992, 875, 353, 923, 463, 256, 960, 520, 908, 589, 203, 859, 132, 135, 
144, 293, 742, 516, 435, 282, 641, 987, 928, 974, 301, 909, 368, 657, 246, 439, 867, 880, 719, 224, 
434, 668, 641, 737, 874, 630, 159, 460, 959, 199, 368, 481, 582, 876, 734, 431, 136, 193, 489, 640, 
363, 718, 151, 612, 687, 571, 195, 536, 326, 411, 709, 695, 709, 771, 256, 653, 717, 513, 642, 533, 
939, 444, 543, 372, 219, 442, 900, 475, 787, 794, 810, 854, 764, 930, 534, 822, 966, 321, 168, 348, 
580, 654, 314, 598, 702, 933, 433, 418, 833, 633, 394, 886, 272, 201, 851, 753, 755, 200, 201, 800, 
125, 778, 813, 884, 798, 773, 341, 571, 262, 923, 588, 417, 732, 469, 801, 291, 330, 473, 592, 298, 
874, 687, 431, 405, 172, 399, 146, 133, 499, 793, 209, 166, 940, 789, 662, 413, 569, 844, 177, 199, 
150, 150, 544, 612, 793, 482, 651, 536, 759, 460, 413, 459, 333, 707, 780, 352, 777, 849, 449, 474, 
461, 665, 279, 441, 282, 722, 656, 782, 185, 242, 598, 290, 962, 753, 487, 861, 444, 924, 956, 174, 
851, 681, 611, 387, 301, 856, 318, 101, 814, 779, 275, 201, 227, 929, 376, 136, 418, 789, 824, 896, 
862, 932, 968, 240, 518, 237, 599, 784, 970, 352, 223, 458, 185, 709, 527, 531, 482, 202, 369, 665, 
632, 838, 405, 498, 120, 129, 416, 709, 572, 823, 922, 781, 221, 516, 766, 548, 427, 225, 990, 429, 
100, 733, 473, 510, 861, 267, 537, 500, 380, 114, 369, 804, 765, 189, 815, 441, 632, 579, 227, 423, 
524, 603, 842, 322, 917, 162, 653, 364, 887, 858, 968, 436, 761, 396, 242, 967, 340, 459, 376, 492, 
771, 659, 401, 382, 139, 481, 513, 966, 132, 762, 980, 649, 611, 430, 899, 403, 782, 104, 668, 306, 
652, 259, 675, 769, 157, 875, 842, 173, 196, 946, 777, 768, 308, 973, 830, 611, 401, 649, 934, 369, 
590, 759, 364, 673, 987, 919, 810, 660, 352, 181, 601, 340, 461, 304, 877, 920, 528, 601, 468, 152, 
967, 803, 440, 380, 877, 161, 664, 575, 687, 110, 215, 769, 384, 420, 682, 185, 198, 506, 754, 993, 
699, 930, 150, 140, 178, 854, 106, 973, 886, 675, 829, 964, 308, 691, 124, 772, 404, 895, 662, 870, 
321, 599, 883, 584, 961, 665, 347, 555, 411, 112, 640, 626, 772, 858, 195, 488, 387, 652, 428, 171, 
452, 201, 312, 417, 563, 153, 154, 748, 456, 782, 761, 168, 616, 937, 203, 417, 909, 745, 955, 693, 
914, 237, 308, 643, 585, 602, 834, 810, 265, 395, 401, 152, 412, 745, 287, 859, 132, 154, 418, 440, 
970, 426, 645, 781, 738, 627, 731, 767, 989, 413, 782, 452, 120, 303, 962, 388, 896, 772, 437, 575, 
403, 194, 114, 278, 364, 614, 968, 381, 672, 337, 367, 203, 984, 440, 113, 233, 945, 757, 823, 396, 
695, 655, 715, 296, 228, 585, 833, 697, 500, 144, 928, 396, 721, 314, 486, 303, 808, 777, 151, 921, 
958, 702, 982, 987, 484, 995, 842, 955, 248, 236, 362, 986, 633, 630, 491, 198, 189, 236, 786, 666, 
898, 161, 709, 923, 591, 638, 202, 609, 282, 908, 413, 486, 322, 298, 843, 567, 153, 472, 492, 225, 
547, 619, 965, 151, 142, 359, 126, 904, 249, 366, 881, 514, 892, 231, 994, 721, 473, 630, 210, 538, 
195, 115, 642, 763, 452, 124, 426, 911, 515, 614, 234, 593, 699, 915, 212, 757, 570, 901, 815, 707, 
307, 599, 741, 891, 396, 303, 212, 930, 851, 643, 286, 920, 732, 337, 742, 782, 156, 965, 302, 978, 
502, 433, 253, 153, 278, 651, 442, 170, 569, 945, 435, 475, 616, 178, 455, 335, 389, 988, 670, 398, 
230, 977, 137, 848, 280, 618, 529, 181, 434, 688, 772, 158, 114, 710, 481, 675, 318, 735, 696, 476, 
596, 953, 210, 216, 182, 300, 739, 516, 627, 167, 661, 917, 369, 118, 468, 211, 831, 667, 466, 809, 
471, 914, 471, 393, 624, 393, 965, 373, 974, 633, 110, 960, 945, 453, 375, 549, 739, 471, 808, 788, 
870, 923, 885, 554, 884, 105, 646, 183, 985, 895, 929, 955, 742, 346, 997, 456, 279, 197, 399, 933, 
422, 286, 452, 394, 118, 904, 915, 172, 238, 926, 876, 240, 146, 337, 725, 119, 311, 423, 505, 569, 
411, 783, 244, 253, 111, 541, 972, 448, 195, 806, 452, 156, 626, 528, 149, 514, 954, 870, 662, 888, 
787, 942, 880, 517, 596, 692, 747, 499, 811, 714, 871, 701, 783, 842, 613, 180, 862, 670, 588, 323, 
960, 337, 215, 382, 139, 338, 262, 744, 365, 316, 323, 245, 182, 854, 695, 785, 559, 108, 157, 290, 
230, 566, 868, 299, 183, 488, 921, 452, 435, 589, 667, 466, 670, 841, 650, 228, 604, 649, 882, 404, 
300, 605, 192, 698, 908, 407, 655, 477, 914, 438, 979, 827, 370, 822, 822, 247, 498, 334, 699, 701, 
795, 143, 323, 953, 658, 206, 342, 352, 416, 212, 562, 306, 213, 370, 838, 449, 604, 239, 293, 149, 
216, 433, 118, 296, 558, 106, 783, 752, 348, 632, 824, 395, 125, 187, 772, 652, 295, 953, 815, 759, 
330, 960, 854, 422, 998, 378, 948, 804, 166, 198, 136, 949, 454, 818, 158, 683, 638, 263, 531, 284, 
934, 865, 856, 882, 397, 502, 424, 127, 389, 170, 844, 224, 751, 680, 338, 415, 522, 630, 384, 985, 
310, 855, 114, 117, 189, 812, 363, 990, 846, 753, 884, 234, 186, 485, 799, 318, 539, 979, 521, 330, 
524, 680, 550, 305, 108, 340, 757, 175, 421, 929, 927, 782, 344, 562, 413, 189, 726, 340, 276, 459, 
707, 654, 380, 989, 214, 345, 404, 335, 567, 599, 400, 841, 452, 571, 333, 265, 822, 529, 556, 385, 
904, 843, 301, 436, 992, 892, 253, 857, 468, 193, 622, 707, 464, 797, 928, 995, 429, 364, 972, 109, 
522, 293, 596, 236, 133, 272, 176, 676, 796, 719, 403, 520, 585, 645, 845, 923, 507, 500, 219, 809, 
727, 763, 441, 198, 385, 195, 931, 391, 779, 798, 279, 123, 262, 205, 474, 711, 964, 874, 672, 553, 
126, 533, 201, 282, 950, 574, 312, 436, 724, 691, 623, 920, 119, 243, 116, 668, 926, 882, 322, 808, 
888, 604, 552, 739, 369, 304, 230, 225, 948, 370, 565, 958, 896, 811, 115, 165, 458, 103, 334, 437, 
271, 424, 277, 532, 169, 761, 312, 498, 399, 706, 765, 135, 917, 138, 332, 392, 382, 506, 156, 932, 
425, 155, 842, 290, 510, 378, 609, 522, 805, 471, 490, 835, 296, 776, 952, 108, 767, 443, 909, 274, 
169, 366, 420, 657, 865, 991, 403, 829, 726, 509, 639, 338, 475, 325, 604, 260, 897, 377, 238, 334, 
827, 555, 641, 146, 335, 970, 222, 703, 747, 456, 799, 664, 558, 550, 446, 748, 735, 223, 232, 403, 
415, 536, 200, 717, 751, 945, 703, 454, 572, 468, 395, 971, 797, 630, 559, 566, 481, 750, 784, 203, 
580, 129, 421, 210, 976, 259, 996, 645, 537, 959, 100, 615, 619, 752, 154, 963, 375, 411, 267, 370, 
939, 464, 932, 266, 293, 409, 131, 894, 480, 381, 241, 682, 375, 893, 292, 927, 854, 280, 721, 276, 
855, 562, 567, 671, 197, 415, 483, 198, 809, 522, 503, 777, 890, 493, 364, 243, 333, 267, 958, 912, 
802, 974, 583, 841, 446, 581, 715, 411, 180, 286, 703, 161, 639, 661, 672, 720, 161, 161, 360, 504, 
120, 510, 404, 927, 241, 670, 372, 286, 708, 752, 420, 439, 507, 194, 871, 177, 746, 395, 967, 798, 
931, 264, 888, 880, 483, 151, 636, 991, 279, 981, 328, 222, 348, 680, 305, 809, 428, 691, 400, 739, 
110, 377, 676, 275, 437, 520, 792, 208, 536, 235, 276, 131, 401, 354, 748, 373, 450, 597, 795, 482, 
343, 379, 489, 984, 470, 363, 455, 857, 744, 773, 520, 370, 140, 157, 771, 523, 561, 821, 499, 715, 
143, 335, 850, 668, 412, 317, 793, 404, 976, 298, 129, 606, 866, 184, 676, 350, 568, 331, 154, 812, 
668, 915, 203, 707, 436, 709, 889, 469, 872, 812, 240, 802, 103, 370, 840, 571, 271, 393, 521, 301, 
701, 918, 965, 319, 215, 535, 489, 441, 732, 221, 210, 862, 768, 370, 450, 106, 808, 448, 634, 171, 
445, 729, 195, 737, 425, 141, 315, 582, 742, 441, 100, 312, 805, 162, 144, 417, 178, 661, 688, 367, 
521, 373, 114, 703, 736, 505, 924, 214, 371, 827, 953, 263, 548, 389, 107, 644, 219, 855, 523, 415, 
610, 841, 492, 948, 673, 161, 757, 304, 767, 105, 328, 364, 399, 358, 703, 602, 453, 508, 854, 737, 
781, 197, 907, 391, 305, 332, 513, 339, 771, 285, 455, 400, 113, 654, 991, 247, 427, 888, 369, 731, 
382, 732, 565, 198, 670, 616, 597, 377, 149, 948, 832, 374, 794, 478, 940, 572, 625, 677, 284, 966, 
504, 105, 856, 535, 949, 359, 418, 436, 197, 278, 832, 324, 680, 753, 853, 224, 211, 124, 291, 415, 
818, 949, 646, 584, 643, 859, 139, 206, 474, 796, 722, 660, 178, 359, 746, 533, 501, 221, 428, 570, 
482, 736, 474, 650, 967, 332, 738, 326, 600, 689, 398, 284, 203, 850, 179, 353, 931, 127, 573, 165, 
606, 214, 889, 319, 761, 854, 692, 514, 841, 123, 770, 299, 355, 501, 970, 984, 945, 686, 765, 612, 
559, 324, 378, 491, 736, 407, 148, 891, 998, 107, 825, 830, 200, 202, 109, 162, 158, 670, 111, 842, 
465, 961, 960, 761, 526, 481, 677, 848, 501, 115, 509, 881, 611, 772, 666, 890, 210, 264, 833, 567, 
924, 954, 293, 491, 752, 588, 912, 672, 979, 984, 131, 489, 554, 756, 406, 457, 445, 817, 563, 904, 
612, 301, 912, 831, 752, 145, 383, 103, 163, 279, 973, 346, 629, 829, 451, 549, 183, 249, 480, 555, 
606, 443, 727, 471, 346, 175, 615, 647, 831, 552, 279, 958, 272, 383, 307, 544, 819, 124, 729, 640, 
933, 129, 877, 882, 201, 191, 356, 847, 935, 545, 266, 209, 594, 528, 888, 944, 703, 203, 328, 116, 
812, 295, 822, 156, 303, 342, 361, 370, 282, 925, 648, 875, 671, 876, 213, 724, 305, 532, 611, 207, 
938, 819, 385, 996, 335, 354, 618, 712, 872, 911, 876, 774, 420, 457, 768, 756, 648, 520, 336, 511, 
623, 195, 467, 533, 253, 500, 381, 280, 708, 449, 669, 188, 311, 403, 846, 898, 862, 970, 201, 583, 
657, 356, 661, 258, 224, 151, 609, 592, 867, 837, 493, 700, 257, 950, 591, 279, 580, 896, 544, 550, 
446, 306, 590, 630, 630, 910, 361, 128, 141, 159, 896, 544, 419, 673, 141, 968, 998, 624, 912, 773, 
748, 832, 656, 729, 508, 243, 475, 651, 734, 348, 495, 794, 767, 230, 221, 512, 755, 339, 233, 391, 
850, 173, 316, 257, 868, 223, 608, 824, 292, 189, 765, 319, 963, 729, 744, 247, 169, 657, 185, 470, 
561, 485, 325, 864, 920, 521, 551, 492, 307, 771, 964, 913, 268, 533, 116, 893, 410, 177, 220, 342, 
157, 929, 930, 622, 409, 169, 774, 228, 406, 980, 266, 192, 256, 794, 387, 672, 359, 712, 352, 569, 
524, 141, 119, 287, 915, 890, 434, 267, 868, 795, 827, 998, 317, 192, 153, 822, 336, 580, 694, 645, 
757, 133, 281, 189, 571, 140, 433, 190, 878, 834, 476, 618, 136, 833, 561, 725, 447, 333, 988, 736, 
490, 322, 246, 891, 501, 531, 859, 631, 550, 636, 179, 590, 433, 604, 804, 137, 114, 810, 843, 513, 
508, 191, 254, 924, 226, 884, 784, 571, 493, 985, 674, 401, 577, 917, 356, 883, 111, 497, 352, 741, 
715, 967, 474, 851, 982, 716, 688, 692, 381, 540, 128, 835, 189, 184, 731, 216, 798, 445, 609, 725, 
556, 603, 838, 468, 651, 393, 966, 993, 153, 575, 183, 248, 477, 717, 915, 476, 356, 193, 701, 217, 
889, 983, 497, 735, 293, 585, 530, 696, 817, 557, 156, 879, 839, 510, 402, 958, 794, 313, 384, 932, 
406, 520, 385, 128, 409, 285, 238, 904, 684, 160, 458, 186, 113, 915, 654, 956, 705, 929, 929, 845, 
294, 940, 908, 620, 489, 198, 206, 500, 169, 758, 777, 842, 286, 221, 737, 332, 740, 184, 506, 201, 
293, 808, 920, 514, 645, 654, 666, 300, 208, 188, 374, 819, 736, 768, 846, 294, 123, 928, 268, 828, 
336, 159, 482, 717, 481, 965, 933, 322, 249, 544, 648, 826, 786, 866, 463, 992, 437, 511, 534, 161, 
494, 371, 701, 815, 937, 231, 214, 672, 694, 328, 186, 323, 303, 332, 427, 450, 456, 244, 411, 332, 
808, 752, 423, 962, 541, 829, 975, 758, 861, 575, 886, 360, 927, 917, 224, 575, 776, 773, 251, 417, 
131, 124, 372, 309, 739, 546, 408, 158, 537, 715, 323, 476, 877, 874, 588, 287, 434, 957, 491, 786, 
778, 725, 481, 942, 875, 335, 233, 416, 526, 185, 862, 955, 333, 583, 620, 350, 862, 753, 112, 547, 
934, 338, 303, 576, 537, 394, 727, 539, 851, 783, 559, 866, 135, 618, 508, 413, 978, 700, 868, 529, 
277, 379, 615, 700, 504, 298, 100, 254, 818, 320, 264, 954, 754, 639, 465, 130, 423, 217, 724, 412, 
550, 503, 145, 456, 704, 436, 287, 370, 817, 292, 751, 288, 311, 516, 873, 830, 384, 904, 965, 441, 
938, 567, 948, 775, 214, 213, 634, 144, 294, 662, 558, 496, 457, 484, 455, 734, 845, 839, 501, 873, 
507, 920, 948, 168, 195, 644, 233, 411, 125, 398, 982, 266, 310, 634, 543, 162, 596, 889, 585, 235, 
796, 401, 838, 505, 974, 490, 114, 910, 906, 141, 295, 938, 372, 431, 108, 193, 789, 757, 251, 372, 
744, 350, 165, 271, 175, 879, 962, 963, 530, 829, 539, 263, 633, 591, 140, 413, 541, 458, 357, 809, 
156, 741, 381, 909, 904, 406, 554, 590, 605, 106, 451, 433, 600, 292, 971, 299, 731, 703, 980, 218, 
978, 533, 996, 865, 659, 372, 531, 953, 668, 823, 902, 867, 953, 521, 299, 986, 840, 961, 431, 769, 
144, 788, 616, 375, 757, 294, 743, 437, 364, 768, 903, 591, 742, 264, 771, 383, 856, 466, 780, 953, 
337, 353, 679, 292, 447, 913, 584, 201, 882, 174, 659, 913, 297, 189, 995, 568, 483, 727, 167, 651, 
549, 782, 433, 142, 630, 622, 926, 106, 122, 688, 283, 897, 370, 321, 864, 336, 637, 269, 273, 306, 
308, 267, 106, 345, 140, 877, 335, 913, 686, 328, 376, 247, 782, 971, 803, 919, 920, 908, 466, 830, 
983, 427, 903, 797, 493, 331, 582, 163, 316, 327, 461, 248, 933, 688, 619, 434, 777, 703, 713, 634, 
479, 304, 286, 211, 748, 982, 108, 202, 466, 226, 482, 894, 382, 130, 429, 357, 473, 322, 137, 941, 
794, 968, 378, 469, 445, 524, 195, 461, 760, 903, 333, 814, 244, 760, 156, 297, 521, 772, 673, 526, 
822, 674, 376, 316, 852, 390, 917, 609, 779, 202, 481, 686, 341, 102, 613, 568, 668, 427, 341, 808, 
301, 166, 399, 431, 739, 506, 895, 178, 163, 660, 458, 153, 318, 394, 529, 419, 447, 689, 550, 273, 
285, 380, 677, 685, 479, 780, 957, 368, 935, 486, 515, 140, 169, 399, 410, 688, 759, 282, 991, 262, 
657, 171, 546, 305, 721, 522, 537, 439, 113, 659, 146, 500, 941, 863, 439, 508, 386, 111, 760, 491, 
581, 757, 983, 597, 215, 923, 331, 313, 537, 999, 479, 873, 843, 459, 890, 264, 368, 197, 275, 551, 
981, 779, 246, 500, 198, 564, 288, 662, 898, 919, 903, 511, 214, 894, 861, 227, 315, 513, 222, 425, 
511, 101, 740, 372, 281, 620, 802, 636, 337, 860, 800, 277, 771, 985, 797, 972, 748, 326, 499, 630, 
133, 410, 234, 965, 446, 524, 815, 186, 737, 962, 238, 610, 391, 933, 570, 265, 356, 105, 426, 454, 
446, 318, 748, 811, 459, 426, 733, 343, 419, 429, 190, 142, 205, 446, 560, 486, 665, 136, 519, 278, 
465, 245, 836, 839, 827, 874, 845, 669, 838, 850, 737, 447, 146, 315, 302, 527, 678, 405, 927, 867, 
315, 386, 194, 232, 344, 503, 923, 260, 427, 192, 829, 511, 676, 990, 932, 243, 473, 873, 920, 471, 
421, 240, 272, 829, 365, 560, 827, 371, 978, 375, 711, 190, 441, 945, 722, 381, 872, 576, 620, 636, 
193, 752, 183, 237, 400, 742, 641, 551, 889, 577, 432, 645, 152, 146, 199, 281, 235, 564, 163, 800, 
937, 307, 780, 686, 476, 489, 835, 478, 864, 977, 890, 754, 998, 411, 731, 852, 823, 796, 709, 280, 
937, 871, 728, 730, 572, 957, 717, 407, 693, 340, 437, 183, 850, 653, 127, 449, 104, 766, 405, 121, 
321, 371, 527, 550, 282, 597, 938, 928, 453, 269, 541, 540, 223, 602, 941, 346, 935, 144, 119, 335, 
345, 767, 950, 894, 301, 790, 743, 704, 813, 261, 852, 383, 493, 438, 592, 716, 521, 375, 979, 876, 
152, 556, 544, 336, 153, 222, 811, 256, 891, 364, 964, 357, 873, 893, 790, 686, 167, 206, 750, 771, 
699, 861, 643, 248, 490, 144, 972, 204, 800, 944, 779, 658, 605, 342, 520, 164, 709, 520, 766, 366, 
642, 291, 510, 621, 564, 635, 185, 787, 774, 175, 694, 890, 195, 250, 491, 744, 875, 740, 792, 726, 
573, 201, 910, 968, 353, 426, 902, 580, 442, 247, 205, 822, 746, 720, 607, 435, 206, 573, 746, 501, 
308, 860, 359, 297, 103, 785, 323, 239, 600, 759, 500, 454, 366, 181, 424, 620, 823, 860, 417, 400, 
977, 292, 281, 382, 718, 425, 504, 598, 631, 394, 234, 808, 208, 567, 855, 988, 701, 986, 881, 945, 
441, 487, 312, 851, 746, 885, 984, 428, 399, 745, 795, 832, 708, 610, 790, 744, 591, 134, 280, 540, 
140, 246, 984, 764, 834, 292, 724, 683, 673, 976, 319, 982, 259, 728, 703, 907, 649, 848, 403, 390, 
353, 437, 954, 608, 205, 758, 211, 254, 255, 360, 112, 280, 472, 286, 950, 937, 239, 815, 735, 762, 
669, 111, 469, 882, 304, 269, 118, 773, 651, 374, 904, 172, 714, 238, 114, 524, 939, 995, 169, 526, 
856, 498, 640, 429, 671, 597, 530, 298, 425, 165, 891, 333, 650, 252, 949, 317, 118, 382, 125, 988, 
801, 268, 697, 423, 796, 239, 497, 864, 622, 977, 400, 925, 329, 997, 267, 393, 889, 371, 936, 601, 
354, 490, 189, 160, 745, 322, 385, 102, 328, 856, 995, 190, 250, 933, 763, 399, 473, 677, 777, 908, 
570, 165, 591, 119, 562, 288, 726, 370, 914, 529, 961, 773, 973, 489, 993, 902, 593, 318, 385, 399, 
850, 566, 725, 305, 690, 246, 405, 132, 868, 147, 666, 159, 140, 523, 139, 456, 399, 187, 449, 418, 
907, 895, 945, 149, 554, 978, 895, 745, 698, 531, 507, 138, 725, 137, 311, 786, 217, 510, 633, 962, 
265, 254, 874, 351, 858, 341, 724, 192, 141, 863, 828, 651, 866, 892, 240, 643, 257, 226, 282, 264, 
708, 893, 217, 501, 979, 712, 312, 614, 899, 970, 408, 873, 533, 960, 935, 738, 822, 786, 869, 159, 
275, 999, 322, 346, 265, 648, 646, 809, 695, 948, 375, 830, 275, 201, 532, 906, 294, 684, 485, 259, 
512, 469, 238, 425, 330, 741, 685, 638, 871, 819, 483, 165, 944, 332, 884, 639, 911, 956, 110, 513, 
170, 285, 321, 972, 324, 451, 947, 815, 441, 764, 314, 254, 601, 316, 707, 954, 306, 759, 222, 325, 
581, 274, 450, 426, 682, 182, 266, 558, 853, 775, 256, 393, 244, 520, 470, 179, 146, 742, 339, 134, 
312, 548, 850, 291, 749, 190, 550, 972, 928, 329, 840, 137, 965, 383, 338, 338, 541, 587, 283, 624, 
309, 138, 330, 802, 660, 161, 528, 165, 345, 142, 564, 612, 991, 685, 706, 286, 912, 803, 747, 135, 
520, 713, 864, 632, 377, 913, 158, 236, 695, 269, 312, 883, 609, 804, 714, 864, 654, 529, 503, 539, 
425, 184, 526, 805, 479, 339, 758, 583, 518, 136, 392, 470, 130, 791, 349, 999, 943, 332, 203, 498, 
446, 104, 396, 339, 711, 206, 845, 683, 919, 600, 501, 234, 998, 771, 472, 781, 235, 624, 382, 850, 
267, 104, 327, 855, 791, 331, 880, 650, 658, 677, 348, 147, 508, 547, 473, 962, 889, 242, 970, 935, 
697, 197, 352, 408, 513, 139, 603, 484, 638, 275, 645, 815, 864, 956, 205, 736, 693, 850, 373, 857, 
958, 352, 915, 414, 927, 774, 613, 607, 315, 779, 350, 576, 158, 728, 188, 114, 857, 625, 826, 430, 
294, 709, 584, 102, 152, 943, 529, 175, 550, 416, 276, 988, 951, 591, 334, 405, 831, 646, 781, 994, 
167, 951, 161, 934, 925, 522, 239, 264, 158, 769, 267, 151, 123, 228, 394, 155, 847, 781, 613, 538, 
893, 848, 660, 431, 650, 105, 753, 570, 638, 706, 340, 631, 199, 926, 223, 185, 474, 390, 459, 562, 
148, 142, 864, 283, 207, 352, 573, 349, 269, 992, 619, 903, 846, 314, 302, 106, 438, 595, 470, 502, 
753, 219, 715, 621, 165, 473, 471, 309, 805, 560, 736, 772, 395, 452, 665, 806, 412, 420, 975, 450, 
610, 425, 787, 424, 786, 939, 570, 789, 171, 707, 923, 569, 909, 728, 398, 862, 195, 431, 222, 666, 
343, 513, 892, 349, 143, 308, 372, 144, 829, 252, 324, 116, 303, 438, 942, 262, 212, 826, 431, 248, 
977, 649, 600, 484, 821, 166, 840, 940, 256, 137, 872, 288, 195, 413, 473, 979, 973, 985, 227, 728, 
634, 189, 837, 133, 115, 186, 452, 593, 611, 400, 382, 646, 224, 596, 971, 365, 761, 380, 726, 137, 
853, 162, 128, 986, 593, 943, 556, 233, 336, 660, 223, 736, 663, 886, 530, 443, 121, 390, 233, 897, 
961, 932, 482, 405, 316, 324, 182, 209, 657, 139, 636, 327, 896, 882, 847, 482, 893, 567, 552, 814, 
392, 544, 631, 551, 304, 656, 583, 520, 404, 509, 580, 898, 261, 451, 357, 172, 798, 150, 997, 624, 
626, 489, 714, 543, 203, 638, 765, 870, 435, 438, 667, 784, 769, 385, 204, 800, 934, 254, 636, 590, 
145, 136, 638, 564, 196, 532, 625, 654, 685, 481, 326, 990, 439, 669, 667, 246, 925, 805, 965, 156, 
219, 591, 135, 593, 568, 760, 674, 720, 884, 793, 464, 942, 169, 794, 895, 271, 140, 735, 407, 985, 
797, 670, 755, 399, 955, 229, 300, 918, 758, 560, 112, 554, 698, 479, 988, 223, 731, 821, 820, 324, 
677, 632, 267, 860, 773, 947, 523, 639, 395, 405, 514, 355, 362, 528, 489, 519, 892, 141, 781, 340, 
798, 682, 382, 721, 547, 605, 159, 244, 368, 179, 236, 234, 456, 819, 547, 384, 824, 788, 405, 896, 
876, 673, 627, 717, 208, 572, 343, 725, 218, 794, 141, 280, 549, 448, 630, 826, 594, 357, 772, 389, 
798, 786, 959, 583, 750, 919, 466, 514, 994, 681, 969, 514, 991, 820, 686, 116, 308, 221, 515, 107, 
559, 191, 641, 970, 788, 205, 729, 175, 259, 544, 851, 983, 809, 595, 812, 643, 480, 443, 717, 142, 
527, 221, 797, 272, 704, 441, 562, 622, 269, 623, 578, 124, 297, 456, 873, 166, 126, 802, 463, 489, 
214, 654, 683, 240, 830, 921, 225, 299, 923, 160, 859, 224, 307, 608, 875, 296, 168, 389, 961, 564, 
971, 767, 227, 147, 699, 266, 260, 184, 451, 886, 428, 828, 992, 162, 817, 937, 391, 184, 115, 209, 
106, 417, 877, 468, 855, 107, 712, 216, 254, 195, 676, 498, 598, 672, 128, 326, 724, 413, 287, 496, 
219, 873, 271, 864, 408, 660, 137, 878, 298, 209, 206, 378, 417, 651, 523, 682, 198, 753, 423, 278, 
590, 812, 974, 508, 610, 327, 902, 151, 955, 204, 570, 673, 426, 616, 781, 677, 434, 293, 650, 423, 
662, 948, 541, 482, 996, 613, 177, 326, 868, 378, 774, 396, 828, 275, 145, 166, 836, 219, 177, 588, 
521, 735, 288, 473, 641, 998, 365, 223, 366, 588, 533, 360, 863, 356, 873, 276, 640, 208, 518, 227, 
737, 219, 842, 567, 972, 536, 546, 208, 574, 273, 564, 879, 584, 719, 150, 651, 271, 540, 740, 602, 
752, 526, 390, 269, 489, 693, 538, 458, 131, 187, 319, 499, 177, 580, 522, 828, 518, 836, 865, 326, 
234, 380, 456, 309, 854, 819, 264, 550, 692, 593, 506, 253, 201, 834, 389, 690, 933, 916, 747, 167, 
443, 390, 820, 984, 873, 832, 516, 557, 747, 362, 949, 639, 391, 564, 857, 574, 497, 379, 465, 312, 
256, 350, 875, 930, 535, 960, 793, 422, 889, 684, 865, 587, 239, 974, 820, 852, 176, 479, 213, 811, 
998, 255, 947, 961, 398, 654, 350, 711, 172, 736, 523, 831, 919, 730, 638, 660, 740, 505, 735, 291, 
163, 158, 700, 241, 335, 446, 688, 761, 677, 262, 877, 722, 431, 170, 735, 263, 673, 610, 336, 898, 
688, 270, 463, 201, 306, 289, 136, 210, 151, 284, 302, 648, 362, 365, 339, 599, 836, 331, 316, 901, 
107, 520, 287, 730, 726, 119, 120, 440, 946, 358, 327, 660, 911, 948, 984, 336, 951, 456, 889, 594, 
297, 898, 987, 268, 767, 869, 519, 303, 968, 872, 999, 782, 367, 498, 104, 619, 887, 759, 807, 586, 
416, 697, 115, 993, 431, 390, 340, 145, 692, 787, 728, 202, 888, 766, 574, 157, 292, 999, 988, 575, 
149, 830, 858, 877, 298, 103, 468, 417, 107, 770, 996, 915, 619, 424, 671, 108, 455, 297, 688, 232, 
272, 108, 302, 863, 230, 957, 747, 109, 231, 787, 341, 709, 682, 548, 113, 286, 545, 847, 898, 192, 
832, 579, 986, 437, 231, 437, 547, 187, 251, 924, 844, 526, 971, 450, 703, 886, 946, 358, 217, 881, 
610, 232, 524, 246, 559, 890, 879, 665, 159, 407, 827, 624, 300, 398, 970, 386, 100, 536, 213, 625, 
871, 308, 823, 277, 678, 738, 439, 253, 284, 710, 861, 222, 931, 366, 691, 934, 864, 337, 705, 498, 
528, 230, 171, 264, 967, 592, 908, 423, 915, 120, 579, 858, 691, 972, 738, 434, 884, 606, 629, 625, 
180, 632, 887, 602, 533, 758, 810, 430, 498, 384, 467, 129, 916, 997, 190, 282, 811, 776, 488, 105, 
831, 725, 506, 197, 976, 357, 429, 737, 384, 882, 341, 102, 222, 900, 398, 258, 561, 575, 434, 600, 
920, 184, 237, 126, 919, 656, 991, 413, 169, 515, 761, 274, 379, 788, 934, 532, 845, 186, 403, 617, 
516, 765, 725, 464, 759, 971, 127, 514, 729, 221, 459, 121, 178, 268, 754, 585, 546, 353, 263, 308, 
998, 628, 176, 771, 262, 677, 382, 393, 506, 535, 693, 632, 287, 855, 507, 831, 322, 656, 738, 258, 
227, 601, 997, 613, 272, 421, 851, 394, 872, 142, 637, 561, 409, 247, 180, 228, 321, 930, 719, 154, 
355, 365, 935, 169, 510, 821, 128, 567, 535, 780, 126, 566, 946, 787, 435, 136, 894, 578, 191, 833, 
645, 207, 566, 738, 734, 293, 315, 569, 365, 422, 492, 797, 976, 751, 656, 968, 403, 463, 144, 712, 
510, 722, 948, 610, 854, 718, 714, 962, 124, 460, 172, 541, 785, 699, 542, 284, 197, 202, 786, 914, 
983, 690, 495, 116, 646, 426, 749, 368, 788, 283, 490, 546, 979, 343, 760, 154, 951, 466, 250, 738, 
895, 469, 116, 920, 620, 306, 109, 320, 443, 828, 632, 403, 230, 544, 570, 645, 323, 933, 606, 763, 
728, 387, 647, 697, 899, 758, 445, 454, 850, 808, 274, 754, 598, 796, 711, 360, 547, 181, 522, 408, 
970, 646, 783, 239, 298, 192, 638, 829, 993, 205, 410, 675, 355, 479, 946, 196, 844, 331, 453, 126, 
862, 319, 499, 577, 577, 347, 410, 547, 800, 380, 782, 153, 732, 609, 672, 420, 723, 709, 366, 256, 
963, 621, 647, 286, 378, 230, 161, 857, 516, 443, 793, 177, 974, 244, 917, 346, 400, 678, 829, 523, 
189, 393, 905, 139, 340, 927, 891, 633, 310, 275, 603, 354, 858, 417, 830, 570, 935, 917, 982, 931, 
866, 661, 512, 777, 976, 526, 163, 283, 887, 798, 244, 294, 961, 911, 122, 990, 758, 324, 531, 257, 
401, 967, 513, 299, 996, 642, 370, 193, 248, 879, 245, 181, 539, 338, 344, 884, 168, 545, 426, 278, 
183, 234, 667, 822, 501, 991, 442, 506, 275, 211, 213, 902, 546, 532, 235, 903, 415, 164, 241, 413, 
468, 224, 468, 212, 697, 205, 794, 788, 880, 182, 738, 837, 587, 262, 401, 596, 163, 195, 389, 863, 
229, 680, 121, 798, 500, 983, 394, 358, 342, 169, 780, 383, 355, 665, 845, 173, 730, 819, 662, 999, 
254, 185, 411, 538, 987, 511, 218, 864, 981, 915, 198, 881, 554, 544, 903, 407, 187, 903, 626, 700, 
557, 364, 455, 215, 841, 445, 689, 886, 909, 515, 275, 291, 137, 533, 304, 170, 459, 393, 416, 234, 
718, 314, 754, 688, 101, 935, 970, 411, 108, 809, 847, 405, 332, 398, 365, 613, 162, 477, 287, 352, 
466, 850, 262, 726, 377, 846, 290, 766, 967, 739, 893, 606, 782, 720, 153, 655, 978, 395, 262, 123, 
929, 816, 884, 524, 559, 281, 971, 173, 895, 372, 780, 416, 785, 627, 979, 297, 130, 141, 888, 532, 
532, 897, 174, 340, 417, 298, 575, 132, 981, 527, 289, 347, 828, 108, 150, 555, 519, 869, 865, 251, 
751, 446, 316, 260, 574, 438, 545, 820, 192, 469, 199, 785, 960, 164, 150, 556, 139, 779, 307, 674, 
263, 544, 281, 312, 684, 374, 300, 237, 415, 469, 902, 463, 186, 248, 594, 213, 530, 660, 245, 572, 
628, 782, 571, 753, 117, 359, 642, 798, 305, 796, 290, 112, 594, 880, 507, 940, 849, 365, 940, 413, 
271, 241, 767, 117, 520, 194, 160, 479, 267, 348, 559, 587, 808, 737, 664, 236, 922, 183, 134, 138, 
906, 748, 107, 492, 172, 155, 595, 680, 248, 438, 152, 413, 299, 394, 812, 749, 785, 667, 535, 606, 
695, 715, 998, 694, 478, 122, 317, 914, 715, 287, 806, 940, 342, 104, 523, 296, 980, 536, 636, 208, 
507, 712, 800, 831, 203, 756, 912, 682, 182, 587, 826, 918, 374, 588, 271, 781, 285, 492, 919, 907, 
993, 575, 637, 759, 617, 631, 618, 585, 322, 211, 655, 956, 764, 948, 629, 912, 572, 773, 180, 306, 
818, 439, 619, 510, 586, 748, 782, 427, 350, 671, 538, 747, 371, 368, 200, 813, 671, 669, 816, 332, 
395, 917, 771, 651, 158, 833, 363, 677, 584, 907, 156, 231, 469, 510, 479, 360, 104, 122, 530, 174, 
263, 352, 221, 105, 924, 938, 735, 576, 389, 819, 756, 347, 146, 777, 834, 847, 165, 595, 474, 716, 
141, 706, 307, 231, 555, 156, 186, 419, 221, 858, 516, 621, 358, 258, 929, 699, 214, 640, 509, 118, 
353, 256, 523, 787, 346, 564, 458, 823, 669, 227, 282, 802, 966, 769, 935, 668, 128, 666, 495, 146, 
452, 757, 936, 424, 602, 386, 506, 520, 857, 682, 955, 997, 825, 785, 685, 784, 157, 669, 951, 614, 
659, 589, 614, 747, 268, 213, 837, 168, 453, 964, 683, 147, 869, 635, 446, 302, 435, 495, 471, 503, 
991, 257, 901, 703, 432, 413, 985, 246, 727, 901, 691, 522, 229, 175, 286, 975, 881, 269, 140, 113, 
424, 473, 102, 696, 996, 558, 537, 833, 773, 149, 662, 358, 746, 140, 906, 546, 711, 349, 752, 389, 
690, 851, 644, 334, 545, 152, 156, 518, 227, 725, 534, 312, 783, 753, 183, 187, 750, 913, 794, 687, 
532, 477, 660, 239, 600, 523, 727, 467, 500, 336, 658, 341, 507, 999, 114, 633, 810, 913, 662, 984, 
249, 214, 576, 470, 105, 265, 675, 282, 766, 433, 732, 726, 269, 979, 128, 875, 527, 155, 216, 262, 
281, 619, 590, 170, 991, 138, 999, 796, 600, 492, 725, 257, 911, 259, 514, 677, 938, 668, 338, 723, 
967, 176, 701, 804, 215, 918, 108, 539, 686, 596, 956, 359, 169, 141, 349, 556, 645, 483, 625, 260, 
232, 489, 976, 596, 401, 165, 199, 922, 435, 727, 911, 224, 935, 778, 407, 838, 934, 794, 657, 977, 
158, 161, 292, 307, 488, 350, 915, 418, 493, 763, 385, 115, 188, 303, 896, 539, 695, 819, 440, 353, 
822, 237, 815, 446, 274, 530, 390, 601, 866, 544, 678, 950, 213, 346, 204, 979, 298, 291, 316, 190, 
316, 961, 866, 450, 630, 202, 245, 297, 358, 561, 913, 510, 529, 394, 386, 757, 370, 904, 224, 127, 
623, 767, 789, 322, 677, 468, 764, 982, 299, 447, 991, 711, 980, 274, 789, 145, 821, 791, 863, 325, 
841, 584, 857, 989, 891, 399, 936, 237, 305, 825, 271, 741, 454, 435, 983, 837, 129, 526, 175, 943, 
664, 167, 629, 528, 843, 421, 402, 840, 561, 270, 737, 589, 552, 964, 141, 217, 916, 320, 128, 706, 
245, 104, 499, 963, 446, 617, 475, 147, 937, 673, 706, 282, 668, 934, 265, 603, 248, 902, 417, 799, 
226, 813, 100, 559, 787, 660, 365, 244, 885, 520, 735, 260, 548, 466, 934, 805, 158, 753, 187, 116, 
461, 476, 752, 115, 327, 232, 480, 502, 831, 838, 209, 514, 361, 191, 568, 157, 166, 216, 524, 681, 
712, 103, 612, 839, 857, 390, 834, 871, 793, 414, 956, 112, 546, 555, 811, 513, 929, 914, 170, 938, 
448, 565, 519, 701, 817, 677, 600, 937, 362, 493, 243, 831, 891, 638, 597, 127, 473, 105, 620, 557, 
484, 776, 134, 483, 358, 783, 205, 178, 698, 768, 475, 864, 907, 202, 751, 172, 917, 181, 737, 936, 
738, 374, 714, 756, 649, 264, 904, 880, 682, 890, 643, 219, 440, 980, 752, 552, 523, 980, 154, 201, 
767, 781, 686, 742, 809, 757, 568, 663, 156, 343, 203, 766, 641, 819, 156, 779, 118, 650, 393, 165, 
630, 577, 452, 108, 442, 501, 355, 421, 216, 952, 748, 465, 470, 273, 172, 545, 209, 487, 303, 534, 
767, 274, 997, 180, 182, 282, 119, 711, 906, 403, 741, 696, 916, 915, 427, 498, 845, 584, 367, 761, 
273, 458, 533, 915, 417, 537, 381, 121, 783, 663, 916, 208, 655, 650, 736, 808, 718, 556, 116, 629, 
822, 963, 140, 355, 692, 736, 840, 492, 537, 272, 896, 359, 983, 139, 853, 124, 687, 460, 708, 830, 
263, 581, 230, 867, 265, 152, 548, 723, 566, 563, 294, 466, 949, 671, 990, 176, 402, 658, 666, 481, 
782, 745, 325, 377, 120, 754, 286, 118, 833, 371, 666, 636, 701, 714, 666, 681, 944, 291, 940, 941, 
767, 970, 523, 580, 575, 738, 243, 861, 311, 884, 574, 387, 149, 984, 918, 581, 354, 180, 570, 654, 
409, 361, 743, 651, 574, 826, 976, 420, 648, 748, 738, 717, 544, 430, 976, 124, 792, 873, 326, 660, 
337, 331, 795, 720, 276, 837, 393, 289, 368, 747, 473, 648, 981, 490, 642, 595, 344, 260, 539, 174, 
201, 106, 475, 289, 413, 978, 489, 642, 364, 219, 551, 927, 222, 405, 226, 989, 845, 651, 304, 451, 
342, 599, 333, 673, 680, 255, 348, 760, 133, 312, 836, 997, 103, 846, 970, 300, 546, 139, 857, 138, 
431, 957, 676, 931, 997, 862, 395, 723, 803, 578, 360, 136, 604, 567, 908, 663, 546, 184, 657, 453, 
781, 263, 539, 563, 655, 587, 249, 534, 567, 416, 577, 276, 666, 366, 203, 348, 446, 873, 758, 980, 
574, 167, 180, 416, 811, 531, 927, 411, 559, 608, 312, 456, 982, 812, 788, 413, 768, 477, 425, 854, 
125, 334, 941, 244, 416, 727, 185, 899, 878, 294, 866, 877, 586, 405, 566, 275, 969, 360, 113, 136, 
499, 191, 875, 523, 521, 807, 118, 675, 586, 773, 454, 266, 855, 532, 636, 394, 301, 155, 317, 374, 
819, 770, 940, 490, 372, 244, 796, 741, 908, 933, 987, 284, 723, 265, 911, 288, 475, 150, 762, 637, 
829, 226, 839, 716, 449, 738, 983, 198, 577, 334, 412, 246, 255, 824, 192, 855, 203, 405, 430, 714, 
315, 255, 233, 458, 158, 700, 211, 361, 103, 690, 547, 751, 421, 257, 565, 798, 919, 261, 330, 824, 
808, 913, 194, 963, 993, 933, 466, 900, 887, 512, 578, 974, 131, 409, 931, 158, 968, 961, 601, 292, 
489, 465, 834, 589, 459, 657, 327, 206, 701, 196, 188, 799, 195, 811, 403, 312, 693, 660, 837, 513, 
208, 484, 458, 909, 950, 767, 160, 171, 657, 650, 630, 975, 205, 894, 379, 151, 241, 615, 407, 354, 
384, 320, 570, 145, 845, 349, 422, 295, 272, 950, 109, 706, 618, 413, 838, 847, 490, 814, 661, 815, 
333, 439, 354, 115, 712, 482, 202, 233, 709, 922, 259, 892, 783, 232, 848, 905, 901, 346, 284, 619, 
668, 198, 784, 587, 278, 360, 436, 664, 826, 757, 606, 665, 781, 231, 680, 693, 260, 584, 518, 587, 
474, 702, 355, 981, 694, 177, 857, 150, 150, 691, 669, 868, 475, 920, 260, 388, 950, 680, 210, 807, 
418, 385, 594, 688, 783, 266, 793, 327, 319, 541, 576, 656, 852, 684, 549, 925, 777, 222, 899, 782, 
177, 339, 368, 869, 108, 181, 166, 768, 804, 470, 336, 170, 450, 374, 994, 113, 233, 549, 361, 686, 
416, 376, 784, 314, 832, 828, 603, 904, 940, 915, 303, 687, 979, 382, 786, 860, 171, 965, 793, 977, 
915, 389, 904, 219, 494, 446, 266, 193, 826, 887, 927, 942, 267, 798, 417, 392, 141, 528, 398, 974, 
419, 625, 464, 350, 553, 409, 579, 951, 924, 639, 199, 893, 195, 901, 480, 500, 843, 479, 769, 806, 
131, 524, 552, 347, 841, 334, 280, 145, 678, 583, 625, 535, 399, 736, 372, 847, 906, 548, 278, 600, 
648, 487, 133, 786, 629, 803, 449, 431, 747, 133, 460, 461, 422, 802, 276, 361, 796, 160, 373, 159, 
913, 854, 457, 827, 859, 450, 548, 247, 778, 157, 164, 569, 345, 513, 114, 818, 275, 659, 838, 578, 
344, 119, 991, 386, 545, 898, 886, 520, 782, 173, 259, 872, 258, 275, 246, 634, 331, 722, 544, 112, 
385, 899, 429, 967, 841, 507, 120, 479, 759, 468, 892, 275, 326, 934, 345, 642, 615, 290, 915, 235, 
898, 953, 336, 289, 623, 978, 460, 416, 399, 689, 907, 227, 848, 267, 848, 511, 815, 202, 596, 215, 
352, 362, 299, 207, 507, 524, 736, 611, 424, 425, 811, 228, 736, 326, 193, 771, 366, 562, 210, 876, 
176, 342, 850, 640, 425, 595, 742, 859, 403, 224, 814, 535, 522, 278, 663, 198, 524, 388, 173, 802, 
832, 716, 933, 930, 444, 446, 953, 236, 341, 931, 689, 428, 556, 718, 581, 191, 778, 911, 611, 480, 
462, 612, 509, 739, 818, 815, 267, 480, 938, 740, 163, 718, 739, 379, 858, 112, 155, 509, 434, 633, 
714, 686, 872, 427, 661, 311, 771, 112, 746, 946, 171, 786, 970, 659, 618, 188, 218, 577, 540, 466, 
492, 148, 544, 621, 850, 928, 606, 128, 759, 598, 685, 166, 588, 399, 713, 100, 330, 996, 757, 426, 
933, 236, 113, 365, 297, 341, 905, 264, 980, 837, 161, 670, 858, 564, 149, 134, 808, 781, 477, 300, 
802, 418, 985, 903, 668, 404, 277, 925, 695, 998, 871, 687, 556, 946, 714, 913, 230, 316, 861, 980, 
863, 299, 588, 624, 624, 821, 809, 169, 629, 122, 354, 198, 651, 684, 712, 432, 800, 312, 447, 448, 
172, 165, 108, 670, 961, 380, 729, 402, 781, 130, 647, 607, 331, 334, 323, 598, 939, 475, 854, 266, 
865, 738, 198, 164, 495, 668, 768, 205, 470, 924, 949, 798, 638, 787, 629, 579, 842, 104, 627, 484, 
350, 747, 315, 711, 956, 850, 318, 939, 601, 461, 506, 924, 844, 213, 985, 255, 544, 859, 393, 834, 
433, 886, 360, 544, 352, 483, 190, 309, 326, 592, 256, 846, 594, 910, 953, 379, 879, 824, 171, 971, 
768, 803, 453, 537, 431, 804, 370, 732, 464, 260, 684, 619, 917, 938, 932, 460, 666, 946, 610, 882, 
813, 648, 112, 194, 820, 620, 472, 927, 614, 263, 860, 793, 819, 206, 949, 255, 392, 399, 422, 501, 
309, 196, 541, 455, 190, 191, 900, 503, 584, 426, 575, 512, 107, 311, 438, 503, 728, 192, 521, 131, 
847, 412, 577, 179, 486, 961, 908, 556, 805, 820, 256, 843, 857, 342, 556, 400, 289, 753, 582, 669, 
770, 923, 662, 872, 189, 654, 655, 924, 738, 790, 471, 326, 137, 314, 128, 616, 958, 277, 774, 542, 
481, 794, 538, 950, 740, 486, 352, 732, 224, 405, 203, 830, 604, 988, 118, 299, 506, 751, 667, 323, 
394, 867, 199, 638, 813, 617, 963, 195, 213, 913, 393, 278, 241, 442, 942, 790, 576, 977, 919, 893, 
445, 126, 642, 202, 759, 921, 981, 215, 877, 181, 657, 670, 860, 990, 905, 453, 541, 466, 683, 690, 
349, 914, 767, 584, 539, 226, 156, 371, 274, 271, 638, 381, 707, 865, 885, 577, 130, 275, 724, 673, 
433, 450, 354, 215, 789, 448, 857, 653, 431, 445, 399, 843, 621, 439, 868, 745, 773, 574, 954, 681, 
667, 615, 692, 190, 934, 101, 937, 555, 829, 389, 515, 885, 635, 906, 338, 312, 656, 276, 382, 540, 
693, 533, 604, 911, 637, 168, 462, 267, 710, 613, 618, 579, 238, 605, 759, 838, 727, 518, 713, 411, 
860, 916, 717, 655, 988, 826, 529, 762, 757, 762, 641, 747, 645, 514, 106, 126, 397, 566, 511, 315, 
654, 339, 845, 807, 563, 422, 248, 534, 384, 433, 410, 135, 952, 595, 359, 379, 633, 189, 266, 